0	1	1
0	39	1
0	40	2
0	1560	-1
1	2	-2
1	41	-2
1	1561	-2
2	3	-1
2	42	2
2	1562	-1
3	4	-1
3	43	1
3	1563	-1
4	5	-2
4	44	1
4	1564	1
5	6	-2
5	45	-2
5	1565	2
6	7	2
6	46	-1
6	1566	-1
7	8	-1
7	47	2
7	1567	-1
8	9	-1
8	48	-2
8	1568	1
9	10	-1
9	49	-2
9	1569	-1
10	11	1
10	50	-1
10	1570	-1
11	12	1
11	51	-1
11	1571	2
12	13	1
12	52	-2
12	1572	-1
13	14	1
13	53	1
13	1573	2
14	15	1
14	54	-1
14	1574	-1
15	16	1
15	55	-2
15	1575	-2
16	17	-2
16	56	-2
16	1576	2
17	18	1
17	57	1
17	1577	-2
18	19	-2
18	58	-2
18	1578	1
19	20	-1
19	59	1
19	1579	1
20	21	-1
20	60	1
20	1580	2
21	22	1
21	61	-2
21	1581	-1
22	23	-1
22	62	-1
22	1582	-1
23	24	-1
23	63	-1
23	1583	-1
24	25	-2
24	64	-1
24	1584	1
25	26	2
25	65	2
25	1585	1
26	27	-1
26	66	-1
26	1586	-1
27	28	-2
27	67	1
27	1587	-1
28	29	-1
28	68	1
28	1588	-2
29	30	2
29	69	2
29	1589	-1
30	31	-2
30	70	-2
30	1590	-2
31	32	2
31	71	-2
31	1591	1
32	33	1
32	72	-1
32	1592	1
33	34	-1
33	73	2
33	1593	-2
34	35	-1
34	74	-1
34	1594	1
35	36	1
35	75	-1
35	1595	2
36	37	1
36	76	-2
36	1596	2
37	38	2
37	77	1
37	1597	2
38	39	1
38	78	-2
38	1598	2
39	79	-1
39	1599	1
40	41	1
40	79	-2
40	80	-1
41	42	1
41	81	-2
42	43	1
42	82	-1
43	44	2
43	83	1
44	45	-1
44	84	-2
45	46	1
45	85	1
46	47	1
46	86	-2
47	48	-1
47	87	2
48	49	1
48	88	-1
49	50	2
49	89	1
50	51	-1
50	90	-2
51	52	-1
51	91	-1
52	53	2
52	92	-2
53	54	-2
53	93	-1
54	55	-2
54	94	1
55	56	-2
55	95	-2
56	57	-1
56	96	-1
57	58	2
57	97	-1
58	59	-1
58	98	2
59	60	2
59	99	-1
60	61	-2
60	100	-2
61	62	-2
61	101	-2
62	63	1
62	102	-1
63	64	-1
63	103	-1
64	65	-1
64	104	-1
65	66	-1
65	105	-1
66	67	-1
66	106	2
67	68	1
67	107	1
68	69	2
68	108	2
69	70	1
69	109	-2
70	71	1
70	110	-2
71	72	1
71	111	2
72	73	2
72	112	2
73	74	1
73	113	2
74	75	1
74	114	1
75	76	-1
75	115	-1
76	77	1
76	116	-1
77	78	2
77	117	2
78	79	-2
78	118	-1
79	119	1
80	81	1
80	119	-2
80	120	2
81	82	-2
81	121	-2
82	83	2
82	122	-2
83	84	2
83	123	-1
84	85	-2
84	124	-2
85	86	2
85	125	-1
86	87	1
86	126	2
87	88	-2
87	127	1
88	89	1
88	128	2
89	90	2
89	129	-1
90	91	1
90	130	-1
91	92	1
91	131	1
92	93	-2
92	132	2
93	94	-2
93	133	-2
94	95	-1
94	134	-2
95	96	1
95	135	-2
96	97	-1
96	136	-2
97	98	1
97	137	2
98	99	-2
98	138	2
99	100	-2
99	139	-1
100	101	-1
100	140	1
101	102	1
101	141	-1
102	103	-1
102	142	1
103	104	1
103	143	-1
104	105	-1
104	144	2
105	106	-2
105	145	-1
106	107	-2
106	146	2
107	108	-2
107	147	1
108	109	-2
108	148	2
109	110	-1
109	149	-2
110	111	2
110	150	-1
111	112	-2
111	151	-2
112	113	2
112	152	1
113	114	-2
113	153	-1
114	115	-2
114	154	1
115	116	1
115	155	1
116	117	1
116	156	-1
117	118	1
117	157	1
118	119	-1
118	158	2
119	159	-1
120	121	1
120	159	2
120	160	-1
121	122	-2
121	161	-2
122	123	-1
122	162	-1
123	124	1
123	163	2
124	125	2
124	164	2
125	126	1
125	165	1
126	127	-2
126	166	1
127	128	-2
127	167	1
128	129	2
128	168	-2
129	130	1
129	169	1
130	131	1
130	170	-1
131	132	-1
131	171	-2
132	133	-1
132	172	1
133	134	1
133	173	1
134	135	2
134	174	1
135	136	1
135	175	1
136	137	-1
136	176	1
137	138	-2
137	177	1
138	139	-2
138	178	2
139	140	-2
139	179	2
140	141	-1
140	180	-1
141	142	-1
141	181	-1
142	143	-1
142	182	-1
143	144	2
143	183	-1
144	145	-2
144	184	2
145	146	1
145	185	2
146	147	1
146	186	1
147	148	-2
147	187	2
148	149	-1
148	188	1
149	150	1
149	189	2
150	151	-1
150	190	-1
151	152	1
151	191	-2
152	153	2
152	192	-1
153	154	-1
153	193	1
154	155	2
154	194	1
155	156	1
155	195	-1
156	157	1
156	196	-2
157	158	1
157	197	2
158	159	-1
158	198	-2
159	199	2
160	161	-2
160	199	2
160	200	2
161	162	2
161	201	1
162	163	-2
162	202	1
163	164	-2
163	203	-2
164	165	1
164	204	2
165	166	-1
165	205	-1
166	167	-1
166	206	-1
167	168	-1
167	207	-1
168	169	-1
168	208	-1
169	170	1
169	209	1
170	171	2
170	210	-2
171	172	-2
171	211	1
172	173	-1
172	212	2
173	174	-1
173	213	2
174	175	-1
174	214	-2
175	176	-1
175	215	2
176	177	-2
176	216	1
177	178	2
177	217	-1
178	179	-2
178	218	-1
179	180	-2
179	219	1
180	181	2
180	220	1
181	182	2
181	221	-2
182	183	2
182	222	2
183	184	2
183	223	-1
184	185	-1
184	224	1
185	186	-2
185	225	-1
186	187	2
186	226	-2
187	188	2
187	227	1
188	189	-1
188	228	2
189	190	2
189	229	1
190	191	2
190	230	1
191	192	-2
191	231	-1
192	193	2
192	232	-2
193	194	1
193	233	1
194	195	-2
194	234	1
195	196	-1
195	235	-2
196	197	-1
196	236	2
197	198	1
197	237	1
198	199	2
198	238	1
199	239	-2
200	201	1
200	239	-1
200	240	-1
201	202	-1
201	241	-1
202	203	-2
202	242	-1
203	204	2
203	243	1
204	205	1
204	244	-1
205	206	2
205	245	-1
206	207	1
206	246	-2
207	208	-1
207	247	2
208	209	-1
208	248	2
209	210	-1
209	249	2
210	211	2
210	250	1
211	212	2
211	251	1
212	213	1
212	252	2
213	214	1
213	253	-2
214	215	-1
214	254	2
215	216	1
215	255	-1
216	217	-2
216	256	-2
217	218	-2
217	257	-1
218	219	-2
218	258	-1
219	220	-1
219	259	-1
220	221	1
220	260	-1
221	222	1
221	261	-1
222	223	2
222	262	-1
223	224	-1
223	263	-1
224	225	-1
224	264	-1
225	226	-2
225	265	-1
226	227	1
226	266	2
227	228	-1
227	267	1
228	229	1
228	268	2
229	230	2
229	269	1
230	231	2
230	270	-2
231	232	-1
231	271	-1
232	233	1
232	272	1
233	234	1
233	273	1
234	235	-1
234	274	-1
235	236	2
235	275	1
236	237	1
236	276	2
237	238	1
237	277	1
238	239	1
238	278	-2
239	279	1
240	241	-2
240	279	-1
240	280	2
241	242	1
241	281	1
242	243	2
242	282	-2
243	244	2
243	283	-1
244	245	1
244	284	2
245	246	-1
245	285	1
246	247	-1
246	286	-2
247	248	2
247	287	-2
248	249	-2
248	288	-2
249	250	2
249	289	1
250	251	2
250	290	2
251	252	-1
251	291	1
252	253	-2
252	292	1
253	254	1
253	293	-1
254	255	2
254	294	1
255	256	-2
255	295	2
256	257	2
256	296	1
257	258	2
257	297	1
258	259	-1
258	298	-2
259	260	1
259	299	2
260	261	2
260	300	-2
261	262	-1
261	301	1
262	263	2
262	302	1
263	264	1
263	303	-2
264	265	1
264	304	-1
265	266	-2
265	305	-2
266	267	-2
266	306	-1
267	268	2
267	307	-1
268	269	1
268	308	-1
269	270	1
269	309	2
270	271	1
270	310	1
271	272	-1
271	311	2
272	273	1
272	312	2
273	274	1
273	313	-2
274	275	-1
274	314	1
275	276	-1
275	315	-1
276	277	1
276	316	2
277	278	2
277	317	-2
278	279	2
278	318	1
279	319	2
280	281	2
280	319	-2
280	320	1
281	282	2
281	321	-1
282	283	-1
282	322	-2
283	284	2
283	323	2
284	285	-2
284	324	-2
285	286	2
285	325	-2
286	287	2
286	326	1
287	288	2
287	327	-1
288	289	-1
288	328	2
289	290	1
289	329	2
290	291	-1
290	330	-1
291	292	-1
291	331	-1
292	293	-2
292	332	-2
293	294	1
293	333	-1
294	295	-1
294	334	2
295	296	1
295	335	-1
296	297	-2
296	336	1
297	298	-1
297	337	2
298	299	-2
298	338	-2
299	300	-2
299	339	-1
300	301	2
300	340	2
301	302	-1
301	341	1
302	303	1
302	342	2
303	304	1
303	343	-1
304	305	-2
304	344	1
305	306	2
305	345	1
306	307	1
306	346	1
307	308	1
307	347	-1
308	309	2
308	348	-1
309	310	2
309	349	1
310	311	-2
310	350	-2
311	312	-2
311	351	-1
312	313	1
312	352	-1
313	314	-2
313	353	-1
314	315	-2
314	354	-1
315	316	-1
315	355	-2
316	317	2
316	356	-1
317	318	-1
317	357	2
318	319	-1
318	358	2
319	359	2
320	321	-2
320	359	2
320	360	1
321	322	-2
321	361	1
322	323	-1
322	362	-1
323	324	1
323	363	-1
324	325	-1
324	364	-1
325	326	2
325	365	2
326	327	-2
326	366	-2
327	328	2
327	367	2
328	329	-1
328	368	1
329	330	2
329	369	2
330	331	-1
330	370	-1
331	332	1
331	371	-1
332	333	-2
332	372	-1
333	334	2
333	373	2
334	335	-2
334	374	1
335	336	1
335	375	-2
336	337	-2
336	376	1
337	338	-1
337	377	1
338	339	2
338	378	-1
339	340	-2
339	379	1
340	341	1
340	380	2
341	342	2
341	381	-1
342	343	-2
342	382	-2
343	344	1
343	383	1
344	345	-2
344	384	2
345	346	-2
345	385	-1
346	347	-1
346	386	-1
347	348	-2
347	387	1
348	349	-1
348	388	2
349	350	1
349	389	1
350	351	-2
350	390	-1
351	352	2
351	391	-2
352	353	-2
352	392	1
353	354	2
353	393	1
354	355	-1
354	394	1
355	356	2
355	395	-1
356	357	-2
356	396	1
357	358	2
357	397	-1
358	359	-1
358	398	-1
359	399	-1
360	361	2
360	399	1
360	400	-2
361	362	1
361	401	1
362	363	1
362	402	2
363	364	2
363	403	-2
364	365	-2
364	404	-1
365	366	-1
365	405	-2
366	367	-1
366	406	-2
367	368	-2
367	407	2
368	369	2
368	408	1
369	370	2
369	409	2
370	371	1
370	410	-1
371	372	2
371	411	-1
372	373	-1
372	412	2
373	374	-2
373	413	-1
374	375	-1
374	414	-2
375	376	-1
375	415	1
376	377	2
376	416	1
377	378	-1
377	417	-1
378	379	2
378	418	-1
379	380	1
379	419	-2
380	381	2
380	420	1
381	382	1
381	421	-1
382	383	-2
382	422	2
383	384	1
383	423	-1
384	385	-1
384	424	2
385	386	1
385	425	-1
386	387	-2
386	426	-1
387	388	-1
387	427	-1
388	389	2
388	428	-2
389	390	-1
389	429	-2
390	391	2
390	430	1
391	392	1
391	431	-1
392	393	2
392	432	-1
393	394	-2
393	433	-2
394	395	-1
394	434	1
395	396	2
395	435	-1
396	397	-2
396	436	-2
397	398	2
397	437	-1
398	399	1
398	438	2
399	439	2
400	401	-1
400	439	1
400	440	1
401	402	-2
401	441	2
402	403	1
402	442	-1
403	404	-1
403	443	2
404	405	-2
404	444	-1
405	406	1
405	445	1
406	407	-2
406	446	-1
407	408	2
407	447	-2
408	409	-1
408	448	-1
409	410	2
409	449	-2
410	411	2
410	450	-1
411	412	1
411	451	-2
412	413	2
412	452	1
413	414	2
413	453	-2
414	415	-1
414	454	2
415	416	1
415	455	1
416	417	-1
416	456	-2
417	418	1
417	457	1
418	419	-2
418	458	-1
419	420	2
419	459	1
420	421	2
420	460	-1
421	422	1
421	461	2
422	423	1
422	462	-1
423	424	2
423	463	-1
424	425	-2
424	464	2
425	426	-2
425	465	2
426	427	-2
426	466	2
427	428	2
427	467	-2
428	429	-1
428	468	-1
429	430	-1
429	469	-1
430	431	1
430	470	1
431	432	-2
431	471	-1
432	433	2
432	472	-1
433	434	-2
433	473	2
434	435	2
434	474	1
435	436	-1
435	475	-2
436	437	-2
436	476	-1
437	438	1
437	477	-1
438	439	2
438	478	-1
439	479	-2
440	441	2
440	479	1
440	480	2
441	442	2
441	481	-1
442	443	2
442	482	2
443	444	2
443	483	1
444	445	-2
444	484	-2
445	446	-1
445	485	-2
446	447	1
446	486	-1
447	448	-2
447	487	-1
448	449	2
448	488	-2
449	450	1
449	489	-1
450	451	-1
450	490	1
451	452	2
451	491	1
452	453	2
452	492	-1
453	454	-1
453	493	2
454	455	1
454	494	-1
455	456	-1
455	495	-2
456	457	-2
456	496	1
457	458	1
457	497	-2
458	459	-2
458	498	-1
459	460	1
459	499	-2
460	461	1
460	500	-2
461	462	1
461	501	2
462	463	-1
462	502	-2
463	464	-2
463	503	-2
464	465	1
464	504	-2
465	466	-2
465	505	1
466	467	-1
466	506	-2
467	468	1
467	507	1
468	469	1
468	508	1
469	470	-2
469	509	-1
470	471	1
470	510	-2
471	472	1
471	511	-2
472	473	2
472	512	-2
473	474	2
473	513	1
474	475	1
474	514	-1
475	476	1
475	515	2
476	477	2
476	516	-1
477	478	-1
477	517	-1
478	479	-2
478	518	-2
479	519	2
480	481	1
480	519	-2
480	520	-1
481	482	1
481	521	-1
482	483	1
482	522	1
483	484	2
483	523	1
484	485	-1
484	524	-1
485	486	2
485	525	1
486	487	-1
486	526	-2
487	488	1
487	527	-1
488	489	1
488	528	2
489	490	1
489	529	1
490	491	-1
490	530	-1
491	492	2
491	531	-1
492	493	-1
492	532	2
493	494	-1
493	533	-1
494	495	1
494	534	2
495	496	-2
495	535	1
496	497	2
496	536	2
497	498	-2
497	537	2
498	499	-2
498	538	-2
499	500	-1
499	539	-2
500	501	1
500	540	2
501	502	1
501	541	-2
502	503	1
502	542	1
503	504	1
503	543	-1
504	505	2
504	544	-1
505	506	-1
505	545	-1
506	507	1
506	546	-2
507	508	-1
507	547	2
508	509	2
508	548	2
509	510	1
509	549	-1
510	511	1
510	550	1
511	512	-1
511	551	2
512	513	2
512	552	1
513	514	2
513	553	-1
514	515	-2
514	554	-2
515	516	2
515	555	1
516	517	2
516	556	1
517	518	1
517	557	-1
518	519	-1
518	558	1
519	559	2
520	521	-2
520	559	-1
520	560	1
521	522	1
521	561	1
522	523	-1
522	562	1
523	524	1
523	563	-1
524	525	-1
524	564	-1
525	526	-2
525	565	-2
526	527	2
526	566	2
527	528	-1
527	567	-2
528	529	-1
528	568	-1
529	530	-2
529	569	1
530	531	1
530	570	-1
531	532	-2
531	571	-1
532	533	-1
532	572	-2
533	534	1
533	573	-1
534	535	-2
534	574	1
535	536	-2
535	575	-1
536	537	-1
536	576	-2
537	538	2
537	577	-2
538	539	1
538	578	2
539	540	-2
539	579	-2
540	541	2
540	580	-1
541	542	-1
541	581	-1
542	543	1
542	582	-1
543	544	-1
543	583	-2
544	545	-2
544	584	2
545	546	1
545	585	-1
546	547	1
546	586	-2
547	548	1
547	587	-2
548	549	1
548	588	-2
549	550	2
549	589	1
550	551	-2
550	590	-1
551	552	1
551	591	-1
552	553	2
552	592	-2
553	554	-2
553	593	-1
554	555	-1
554	594	2
555	556	2
555	595	-1
556	557	1
556	596	1
557	558	2
557	597	-1
558	559	1
558	598	1
559	599	1
560	561	-1
560	599	2
560	600	2
561	562	-1
561	601	-1
562	563	1
562	602	-1
563	564	-1
563	603	-2
564	565	-1
564	604	1
565	566	-1
565	605	1
566	567	1
566	606	-1
567	568	2
567	607	-1
568	569	-1
568	608	2
569	570	-2
569	609	1
570	571	1
570	610	-1
571	572	1
571	611	-1
572	573	-1
572	612	-1
573	574	1
573	613	-2
574	575	2
574	614	1
575	576	1
575	615	-1
576	577	1
576	616	-2
577	578	1
577	617	1
578	579	-1
578	618	-1
579	580	2
579	619	-1
580	581	-2
580	620	-1
581	582	2
581	621	2
582	583	-2
582	622	-1
583	584	-1
583	623	2
584	585	2
584	624	2
585	586	-2
585	625	1
586	587	2
586	626	-1
587	588	-1
587	627	2
588	589	-2
588	628	-1
589	590	2
589	629	-1
590	591	-2
590	630	2
591	592	-2
591	631	-1
592	593	-1
592	632	-2
593	594	-1
593	633	2
594	595	-1
594	634	1
595	596	2
595	635	-2
596	597	2
596	636	2
597	598	1
597	637	1
598	599	2
598	638	1
599	639	1
600	601	-2
600	639	-2
600	640	2
601	602	1
601	641	-2
602	603	-2
602	642	2
603	604	-1
603	643	1
604	605	1
604	644	1
605	606	1
605	645	1
606	607	-1
606	646	-1
607	608	-2
607	647	-2
608	609	2
608	648	-2
609	610	2
609	649	2
610	611	-1
610	650	2
611	612	-1
611	651	-1
612	613	2
612	652	-1
613	614	1
613	653	-1
614	615	1
614	654	1
615	616	1
615	655	-1
616	617	2
616	656	1
617	618	-2
617	657	2
618	619	1
618	658	1
619	620	-2
619	659	-2
620	621	-1
620	660	-1
621	622	-1
621	661	1
622	623	-1
622	662	-1
623	624	2
623	663	2
624	625	-1
624	664	2
625	626	2
625	665	-2
626	627	1
626	666	1
627	628	-1
627	667	-1
628	629	2
628	668	1
629	630	-2
629	669	2
630	631	-2
630	670	1
631	632	1
631	671	1
632	633	-1
632	672	-2
633	634	-2
633	673	1
634	635	-2
634	674	-2
635	636	1
635	675	2
636	637	-1
636	676	-1
637	638	-2
637	677	-1
638	639	-2
638	678	2
639	679	-1
640	641	1
640	679	-1
640	680	-1
641	642	1
641	681	1
642	643	-2
642	682	-1
643	644	1
643	683	-1
644	645	-1
644	684	-1
645	646	1
645	685	1
646	647	-2
646	686	-1
647	648	1
647	687	1
648	649	1
648	688	2
649	650	-1
649	689	-2
650	651	1
650	690	2
651	652	2
651	691	1
652	653	1
652	692	-1
653	654	2
653	693	-2
654	655	2
654	694	1
655	656	1
655	695	2
656	657	-2
656	696	2
657	658	1
657	697	1
658	659	-1
658	698	2
659	660	1
659	699	-2
660	661	-1
660	700	-1
661	662	-1
661	701	-1
662	663	2
662	702	1
663	664	-1
663	703	-2
664	665	2
664	704	1
665	666	1
665	705	2
666	667	1
666	706	-2
667	668	-1
667	707	-2
668	669	1
668	708	2
669	670	2
669	709	-1
670	671	-1
670	710	-1
671	672	2
671	711	-2
672	673	1
672	712	-2
673	674	-2
673	713	2
674	675	2
674	714	-1
675	676	2
675	715	-2
676	677	1
676	716	-2
677	678	-2
677	717	2
678	679	-1
678	718	-1
679	719	1
680	681	1
680	719	1
680	720	1
681	682	-1
681	721	2
682	683	2
682	722	-1
683	684	-2
683	723	-1
684	685	-1
684	724	-2
685	686	1
685	725	1
686	687	-2
686	726	-1
687	688	-2
687	727	2
688	689	1
688	728	1
689	690	-2
689	729	-1
690	691	-2
690	730	1
691	692	1
691	731	-1
692	693	-2
692	732	-1
693	694	-1
693	733	-2
694	695	-1
694	734	-1
695	696	1
695	735	1
696	697	1
696	736	-1
697	698	1
697	737	-1
698	699	-2
698	738	-1
699	700	-2
699	739	2
700	701	1
700	740	1
701	702	-1
701	741	1
702	703	1
702	742	-2
703	704	2
703	743	1
704	705	-2
704	744	1
705	706	-1
705	745	-1
706	707	-1
706	746	1
707	708	-1
707	747	-1
708	709	2
708	748	-1
709	710	-1
709	749	-2
710	711	1
710	750	2
711	712	2
711	751	-1
712	713	1
712	752	1
713	714	-1
713	753	1
714	715	-1
714	754	-1
715	716	1
715	755	1
716	717	2
716	756	-1
717	718	-2
717	757	2
718	719	-2
718	758	-2
719	759	-1
720	721	2
720	759	1
720	760	2
721	722	-2
721	761	-1
722	723	1
722	762	1
723	724	1
723	763	1
724	725	-1
724	764	-2
725	726	1
725	765	-1
726	727	1
726	766	-1
727	728	1
727	767	-1
728	729	1
728	768	-2
729	730	-2
729	769	1
730	731	-2
730	770	1
731	732	-1
731	771	-2
732	733	1
732	772	1
733	734	1
733	773	1
734	735	2
734	774	1
735	736	1
735	775	1
736	737	-2
736	776	2
737	738	-1
737	777	1
738	739	1
738	778	1
739	740	2
739	779	1
740	741	-2
740	780	-1
741	742	-2
741	781	1
742	743	-2
742	782	1
743	744	-2
743	783	-2
744	745	-2
744	784	-1
745	746	-1
745	785	-1
746	747	-1
746	786	2
747	748	1
747	787	1
748	749	2
748	788	2
749	750	-2
749	789	-2
750	751	-2
750	790	2
751	752	2
751	791	-1
752	753	2
752	792	-2
753	754	-1
753	793	-1
754	755	1
754	794	1
755	756	1
755	795	2
756	757	2
756	796	1
757	758	-1
757	797	2
758	759	-2
758	798	-2
759	799	-1
760	761	2
760	799	-1
760	800	1
761	762	1
761	801	2
762	763	-1
762	802	-2
763	764	2
763	803	-1
764	765	2
764	804	1
765	766	2
765	805	2
766	767	-1
766	806	-1
767	768	-2
767	807	2
768	769	2
768	808	1
769	770	2
769	809	1
770	771	-2
770	810	2
771	772	1
771	811	-1
772	773	-1
772	812	-1
773	774	-2
773	813	-1
774	775	-2
774	814	-2
775	776	-2
775	815	-1
776	777	1
776	816	-1
777	778	1
777	817	-1
778	779	-1
778	818	-1
779	780	2
779	819	-1
780	781	-2
780	820	2
781	782	-1
781	821	1
782	783	-1
782	822	1
783	784	2
783	823	-1
784	785	2
784	824	-1
785	786	-1
785	825	2
786	787	1
786	826	1
787	788	1
787	827	1
788	789	1
788	828	1
789	790	2
789	829	-2
790	791	-2
790	830	1
791	792	-1
791	831	1
792	793	-2
792	832	-1
793	794	1
793	833	2
794	795	-2
794	834	-1
795	796	1
795	835	2
796	797	-1
796	836	-1
797	798	-2
797	837	-2
798	799	2
798	838	1
799	839	1
800	801	1
800	839	1
800	840	1
801	802	1
801	841	-1
802	803	1
802	842	1
803	804	2
803	843	1
804	805	2
804	844	-1
805	806	1
805	845	2
806	807	-2
806	846	-2
807	808	2
807	847	-2
808	809	2
808	848	1
809	810	-2
809	849	-2
810	811	1
810	850	1
811	812	-1
811	851	-2
812	813	-2
812	852	-1
813	814	1
813	853	-2
814	815	1
814	854	1
815	816	2
815	855	2
816	817	-2
816	856	-1
817	818	-1
817	857	-1
818	819	2
818	858	2
819	820	1
819	859	-1
820	821	-1
820	860	2
821	822	1
821	861	-2
822	823	-1
822	862	-1
823	824	-2
823	863	1
824	825	-2
824	864	-1
825	826	2
825	865	2
826	827	-2
826	866	1
827	828	-1
827	867	1
828	829	2
828	868	2
829	830	1
829	869	-2
830	831	2
830	870	-1
831	832	-1
831	871	-2
832	833	-2
832	872	1
833	834	2
833	873	1
834	835	-2
834	874	-2
835	836	1
835	875	-1
836	837	-2
836	876	-1
837	838	-1
837	877	-1
838	839	-2
838	878	-2
839	879	-1
840	841	1
840	879	1
840	880	-1
841	842	-1
841	881	-2
842	843	-1
842	882	-2
843	844	2
843	883	1
844	845	2
844	884	-1
845	846	1
845	885	2
846	847	1
846	886	-1
847	848	-1
847	887	-2
848	849	1
848	888	-1
849	850	-1
849	889	1
850	851	2
850	890	-2
851	852	-2
851	891	-1
852	853	1
852	892	-2
853	854	-1
853	893	2
854	855	-1
854	894	-2
855	856	-1
855	895	2
856	857	2
856	896	2
857	858	2
857	897	1
858	859	2
858	898	-1
859	860	1
859	899	1
860	861	-1
860	900	-1
861	862	2
861	901	1
862	863	-1
862	902	-2
863	864	-1
863	903	2
864	865	-1
864	904	2
865	866	-1
865	905	-1
866	867	2
866	906	1
867	868	-1
867	907	2
868	869	1
868	908	2
869	870	1
869	909	2
870	871	-2
870	910	2
871	872	-1
871	911	-1
872	873	2
872	912	-2
873	874	-1
873	913	2
874	875	2
874	914	2
875	876	-2
875	915	1
876	877	2
876	916	2
877	878	-2
877	917	-1
878	879	1
878	918	-1
879	919	1
880	881	-1
880	919	2
880	920	1
881	882	1
881	921	-1
882	883	1
882	922	-2
883	884	2
883	923	-2
884	885	-1
884	924	1
885	886	1
885	925	-1
886	887	2
886	926	-1
887	888	2
887	927	-2
888	889	1
888	928	-1
889	890	-2
889	929	1
890	891	1
890	930	1
891	892	1
891	931	-1
892	893	2
892	932	-2
893	894	-2
893	933	-1
894	895	2
894	934	1
895	896	2
895	935	-1
896	897	1
896	936	-2
897	898	1
897	937	-1
898	899	-2
898	938	-1
899	900	1
899	939	-1
900	901	-1
900	940	-1
901	902	1
901	941	-2
902	903	-2
902	942	-2
903	904	1
903	943	-1
904	905	2
904	944	2
905	906	-1
905	945	-2
906	907	1
906	946	-2
907	908	1
907	947	1
908	909	1
908	948	2
909	910	-1
909	949	2
910	911	2
910	950	-1
911	912	2
911	951	-2
912	913	-2
912	952	-1
913	914	1
913	953	-1
914	915	-2
914	954	-1
915	916	1
915	955	-2
916	917	-1
916	956	-1
917	918	2
917	957	-1
918	919	1
918	958	-2
919	959	2
920	921	-1
920	959	1
920	960	1
921	922	-1
921	961	-2
922	923	-1
922	962	-2
923	924	1
923	963	-1
924	925	-2
924	964	-1
925	926	-1
925	965	1
926	927	-1
926	966	-1
927	928	1
927	967	-1
928	929	1
928	968	1
929	930	-1
929	969	-1
930	931	1
930	970	1
931	932	1
931	971	2
932	933	-2
932	972	-2
933	934	2
933	973	1
934	935	2
934	974	1
935	936	1
935	975	1
936	937	-2
936	976	-2
937	938	-2
937	977	-1
938	939	1
938	978	1
939	940	1
939	979	1
940	941	1
940	980	-1
941	942	-2
941	981	-1
942	943	2
942	982	-1
943	944	1
943	983	1
944	945	1
944	984	-1
945	946	2
945	985	-2
946	947	2
946	986	-1
947	948	-1
947	987	-2
948	949	-1
948	988	-2
949	950	-2
949	989	1
950	951	-2
950	990	-1
951	952	-2
951	991	-1
952	953	2
952	992	2
953	954	1
953	993	2
954	955	2
954	994	-2
955	956	1
955	995	-2
956	957	1
956	996	-2
957	958	2
957	997	1
958	959	2
958	998	1
959	999	-1
960	961	2
960	999	2
960	1000	2
961	962	1
961	1001	-1
962	963	2
962	1002	-1
963	964	-1
963	1003	-2
964	965	-1
964	1004	1
965	966	-1
965	1005	-2
966	967	-1
966	1006	2
967	968	1
967	1007	-2
968	969	1
968	1008	-2
969	970	-1
969	1009	-1
970	971	-2
970	1010	2
971	972	1
971	1011	-2
972	973	2
972	1012	-1
973	974	-2
973	1013	2
974	975	1
974	1014	1
975	976	2
975	1015	1
976	977	1
976	1016	-2
977	978	-2
977	1017	-2
978	979	-1
978	1018	1
979	980	1
979	1019	-1
980	981	2
980	1020	-1
981	982	2
981	1021	-1
982	983	2
982	1022	-2
983	984	1
983	1023	-1
984	985	-1
984	1024	1
985	986	-2
985	1025	-2
986	987	-2
986	1026	1
987	988	1
987	1027	1
988	989	-1
988	1028	-2
989	990	-2
989	1029	2
990	991	1
990	1030	-2
991	992	-2
991	1031	2
992	993	2
992	1032	-1
993	994	1
993	1033	1
994	995	2
994	1034	1
995	996	-1
995	1035	2
996	997	-2
996	1036	2
997	998	-2
997	1037	1
998	999	2
998	1038	-2
999	1039	-1
1000	1001	1
1000	1039	2
1000	1040	1
1001	1002	1
1001	1041	1
1002	1003	-1
1002	1042	-1
1003	1004	1
1003	1043	1
1004	1005	-2
1004	1044	-2
1005	1006	2
1005	1045	-1
1006	1007	-2
1006	1046	2
1007	1008	-1
1007	1047	-1
1008	1009	-2
1008	1048	1
1009	1010	1
1009	1049	1
1010	1011	-1
1010	1050	1
1011	1012	-2
1011	1051	2
1012	1013	1
1012	1052	-2
1013	1014	-1
1013	1053	1
1014	1015	-1
1014	1054	1
1015	1016	-1
1015	1055	2
1016	1017	-2
1016	1056	-1
1017	1018	-1
1017	1057	1
1018	1019	-1
1018	1058	-1
1019	1020	-1
1019	1059	1
1020	1021	-2
1020	1060	-1
1021	1022	-1
1021	1061	1
1022	1023	-2
1022	1062	-1
1023	1024	-2
1023	1063	2
1024	1025	-2
1024	1064	1
1025	1026	-1
1025	1065	-1
1026	1027	2
1026	1066	1
1027	1028	-2
1027	1067	2
1028	1029	-2
1028	1068	1
1029	1030	1
1029	1069	2
1030	1031	1
1030	1070	-1
1031	1032	2
1031	1071	-1
1032	1033	1
1032	1072	-2
1033	1034	-1
1033	1073	2
1034	1035	-1
1034	1074	1
1035	1036	-1
1035	1075	-2
1036	1037	2
1036	1076	-2
1037	1038	-2
1037	1077	-1
1038	1039	-1
1038	1078	2
1039	1079	1
1040	1041	-1
1040	1079	-2
1040	1080	-2
1041	1042	2
1041	1081	2
1042	1043	-2
1042	1082	-2
1043	1044	1
1043	1083	1
1044	1045	2
1044	1084	-2
1045	1046	2
1045	1085	2
1046	1047	-2
1046	1086	-2
1047	1048	-1
1047	1087	2
1048	1049	-1
1048	1088	-1
1049	1050	-1
1049	1089	-1
1050	1051	-1
1050	1090	-2
1051	1052	-1
1051	1091	-2
1052	1053	-2
1052	1092	1
1053	1054	1
1053	1093	-1
1054	1055	2
1054	1094	-2
1055	1056	-2
1055	1095	-1
1056	1057	1
1056	1096	2
1057	1058	-1
1057	1097	1
1058	1059	-2
1058	1098	-1
1059	1060	-1
1059	1099	-2
1060	1061	2
1060	1100	-1
1061	1062	-1
1061	1101	-2
1062	1063	-2
1062	1102	2
1063	1064	1
1063	1103	1
1064	1065	2
1064	1104	1
1065	1066	-1
1065	1105	-1
1066	1067	1
1066	1106	1
1067	1068	2
1067	1107	-1
1068	1069	1
1068	1108	1
1069	1070	1
1069	1109	2
1070	1071	1
1070	1110	2
1071	1072	-1
1071	1111	1
1072	1073	-2
1072	1112	2
1073	1074	2
1073	1113	-2
1074	1075	2
1074	1114	1
1075	1076	1
1075	1115	-1
1076	1077	1
1076	1116	2
1077	1078	-1
1077	1117	1
1078	1079	-1
1078	1118	1
1079	1119	1
1080	1081	-1
1080	1119	1
1080	1120	-1
1081	1082	-2
1081	1121	1
1082	1083	-1
1082	1122	-2
1083	1084	1
1083	1123	2
1084	1085	1
1084	1124	-2
1085	1086	-2
1085	1125	1
1086	1087	-1
1086	1126	-2
1087	1088	1
1087	1127	1
1088	1089	1
1088	1128	-2
1089	1090	-2
1089	1129	1
1090	1091	1
1090	1130	2
1091	1092	2
1091	1131	-2
1092	1093	-2
1092	1132	1
1093	1094	-1
1093	1133	1
1094	1095	-2
1094	1134	-1
1095	1096	-1
1095	1135	1
1096	1097	-2
1096	1136	-1
1097	1098	1
1097	1137	1
1098	1099	1
1098	1138	-1
1099	1100	-1
1099	1139	-1
1100	1101	-1
1100	1140	1
1101	1102	1
1101	1141	1
1102	1103	2
1102	1142	-1
1103	1104	-2
1103	1143	-2
1104	1105	2
1104	1144	2
1105	1106	-1
1105	1145	-1
1106	1107	1
1106	1146	-2
1107	1108	1
1107	1147	-1
1108	1109	-2
1108	1148	-2
1109	1110	1
1109	1149	1
1110	1111	-2
1110	1150	2
1111	1112	1
1111	1151	2
1112	1113	-1
1112	1152	1
1113	1114	1
1113	1153	1
1114	1115	2
1114	1154	-2
1115	1116	-1
1115	1155	-2
1116	1117	-2
1116	1156	1
1117	1118	2
1117	1157	-1
1118	1119	1
1118	1158	-2
1119	1159	-1
1120	1121	1
1120	1159	-1
1120	1160	-2
1121	1122	-1
1121	1161	2
1122	1123	1
1122	1162	-1
1123	1124	2
1123	1163	1
1124	1125	1
1124	1164	-1
1125	1126	-1
1125	1165	-1
1126	1127	2
1126	1166	1
1127	1128	2
1127	1167	-1
1128	1129	-2
1128	1168	1
1129	1130	1
1129	1169	-1
1130	1131	-2
1130	1170	-2
1131	1132	2
1131	1171	1
1132	1133	2
1132	1172	-2
1133	1134	-1
1133	1173	-2
1134	1135	2
1134	1174	1
1135	1136	-1
1135	1175	2
1136	1137	1
1136	1176	-1
1137	1138	1
1137	1177	-1
1138	1139	2
1138	1178	1
1139	1140	-1
1139	1179	-2
1140	1141	-1
1140	1180	2
1141	1142	1
1141	1181	1
1142	1143	-1
1142	1182	-2
1143	1144	-1
1143	1183	-1
1144	1145	-1
1144	1184	1
1145	1146	2
1145	1185	-1
1146	1147	-1
1146	1186	1
1147	1148	-2
1147	1187	-1
1148	1149	2
1148	1188	-2
1149	1150	-2
1149	1189	-1
1150	1151	-1
1150	1190	1
1151	1152	-2
1151	1191	-1
1152	1153	2
1152	1192	-2
1153	1154	2
1153	1193	1
1154	1155	1
1154	1194	1
1155	1156	-2
1155	1195	1
1156	1157	1
1156	1196	-2
1157	1158	-1
1157	1197	1
1158	1159	-2
1158	1198	2
1159	1199	-1
1160	1161	2
1160	1199	-1
1160	1200	2
1161	1162	1
1161	1201	-2
1162	1163	1
1162	1202	-2
1163	1164	2
1163	1203	1
1164	1165	-1
1164	1204	-2
1165	1166	1
1165	1205	2
1166	1167	2
1166	1206	2
1167	1168	-1
1167	1207	1
1168	1169	-2
1168	1208	-1
1169	1170	-2
1169	1209	-1
1170	1171	-1
1170	1210	2
1171	1172	-1
1171	1211	1
1172	1173	-1
1172	1212	-2
1173	1174	-2
1173	1213	-1
1174	1175	-1
1174	1214	2
1175	1176	2
1175	1215	-2
1176	1177	-2
1176	1216	1
1177	1178	2
1177	1217	2
1178	1179	1
1178	1218	1
1179	1180	1
1179	1219	-1
1180	1181	2
1180	1220	-1
1181	1182	1
1181	1221	1
1182	1183	2
1182	1222	1
1183	1184	-2
1183	1223	-2
1184	1185	-1
1184	1224	-1
1185	1186	2
1185	1225	-2
1186	1187	-1
1186	1226	2
1187	1188	2
1187	1227	-2
1188	1189	-1
1188	1228	-2
1189	1190	-1
1189	1229	-2
1190	1191	-1
1190	1230	-1
1191	1192	-1
1191	1231	1
1192	1193	1
1192	1232	-1
1193	1194	1
1193	1233	-1
1194	1195	-1
1194	1234	-1
1195	1196	2
1195	1235	1
1196	1197	2
1196	1236	-1
1197	1198	-2
1197	1237	-1
1198	1199	-1
1198	1238	-2
1199	1239	-1
1200	1201	1
1200	1239	-2
1200	1240	-2
1201	1202	-1
1201	1241	-2
1202	1203	1
1202	1242	2
1203	1204	1
1203	1243	2
1204	1205	-2
1204	1244	1
1205	1206	-1
1205	1245	2
1206	1207	1
1206	1246	-2
1207	1208	-1
1207	1247	-1
1208	1209	2
1208	1248	-1
1209	1210	-2
1209	1249	-2
1210	1211	-2
1210	1250	1
1211	1212	-2
1211	1251	2
1212	1213	1
1212	1252	-1
1213	1214	-1
1213	1253	1
1214	1215	2
1214	1254	-2
1215	1216	1
1215	1255	-1
1216	1217	2
1216	1256	1
1217	1218	-1
1217	1257	-1
1218	1219	1
1218	1258	1
1219	1220	-1
1219	1259	1
1220	1221	2
1220	1260	1
1221	1222	-1
1221	1261	-1
1222	1223	1
1222	1262	-1
1223	1224	1
1223	1263	1
1224	1225	1
1224	1264	-1
1225	1226	1
1225	1265	1
1226	1227	1
1226	1266	1
1227	1228	-1
1227	1267	1
1228	1229	1
1228	1268	-1
1229	1230	2
1229	1269	-1
1230	1231	-2
1230	1270	1
1231	1232	-1
1231	1271	2
1232	1233	1
1232	1272	2
1233	1234	-1
1233	1273	-2
1234	1235	2
1234	1274	2
1235	1236	2
1235	1275	-1
1236	1237	1
1236	1276	2
1237	1238	2
1237	1277	-2
1238	1239	-1
1238	1278	-1
1239	1279	2
1240	1241	-1
1240	1279	-1
1240	1280	1
1241	1242	1
1241	1281	1
1242	1243	-1
1242	1282	-2
1243	1244	-2
1243	1283	-1
1244	1245	1
1244	1284	2
1245	1246	2
1245	1285	-1
1246	1247	-2
1246	1286	2
1247	1248	-2
1247	1287	-2
1248	1249	-1
1248	1288	2
1249	1250	-2
1249	1289	-2
1250	1251	2
1250	1290	-1
1251	1252	2
1251	1291	-2
1252	1253	1
1252	1292	-1
1253	1254	2
1253	1293	2
1254	1255	-1
1254	1294	1
1255	1256	-2
1255	1295	2
1256	1257	2
1256	1296	-1
1257	1258	1
1257	1297	-1
1258	1259	-1
1258	1298	-1
1259	1260	-2
1259	1299	2
1260	1261	2
1260	1300	-1
1261	1262	-2
1261	1301	1
1262	1263	2
1262	1302	2
1263	1264	-1
1263	1303	1
1264	1265	1
1264	1304	-1
1265	1266	-1
1265	1305	-2
1266	1267	-1
1266	1306	-1
1267	1268	1
1267	1307	2
1268	1269	-1
1268	1308	-1
1269	1270	-1
1269	1309	-2
1270	1271	1
1270	1310	-2
1271	1272	1
1271	1311	-2
1272	1273	1
1272	1312	-2
1273	1274	2
1273	1313	-1
1274	1275	1
1274	1314	-1
1275	1276	-1
1275	1315	-1
1276	1277	1
1276	1316	-1
1277	1278	1
1277	1317	1
1278	1279	-2
1278	1318	1
1279	1319	2
1280	1281	1
1280	1319	2
1280	1320	-2
1281	1282	1
1281	1321	-1
1282	1283	2
1282	1322	2
1283	1284	-2
1283	1323	1
1284	1285	1
1284	1324	1
1285	1286	2
1285	1325	1
1286	1287	1
1286	1326	1
1287	1288	-1
1287	1327	1
1288	1289	-2
1288	1328	-1
1289	1290	2
1289	1329	-2
1290	1291	1
1290	1330	-2
1291	1292	-1
1291	1331	2
1292	1293	-2
1292	1332	1
1293	1294	-2
1293	1333	-2
1294	1295	-1
1294	1334	1
1295	1296	-1
1295	1335	1
1296	1297	1
1296	1336	1
1297	1298	-1
1297	1337	1
1298	1299	-1
1298	1338	-2
1299	1300	-2
1299	1339	-1
1300	1301	-2
1300	1340	-2
1301	1302	2
1301	1341	-1
1302	1303	1
1302	1342	1
1303	1304	-1
1303	1343	1
1304	1305	-2
1304	1344	1
1305	1306	2
1305	1345	2
1306	1307	2
1306	1346	-2
1307	1308	2
1307	1347	1
1308	1309	1
1308	1348	1
1309	1310	1
1309	1349	-1
1310	1311	-2
1310	1350	-2
1311	1312	-1
1311	1351	2
1312	1313	1
1312	1352	1
1313	1314	-1
1313	1353	-2
1314	1315	1
1314	1354	-1
1315	1316	2
1315	1355	-2
1316	1317	-1
1316	1356	1
1317	1318	-1
1317	1357	1
1318	1319	1
1318	1358	2
1319	1359	2
1320	1321	-2
1320	1359	-1
1320	1360	2
1321	1322	2
1321	1361	-1
1322	1323	-1
1322	1362	2
1323	1324	-2
1323	1363	-1
1324	1325	-1
1324	1364	-1
1325	1326	1
1325	1365	2
1326	1327	-1
1326	1366	-1
1327	1328	1
1327	1367	-1
1328	1329	1
1328	1368	1
1329	1330	2
1329	1369	1
1330	1331	2
1330	1370	2
1331	1332	1
1331	1371	-2
1332	1333	-2
1332	1372	2
1333	1334	2
1333	1373	-1
1334	1335	1
1334	1374	-2
1335	1336	1
1335	1375	1
1336	1337	-1
1336	1376	2
1337	1338	-1
1337	1377	-2
1338	1339	2
1338	1378	2
1339	1340	-2
1339	1379	-1
1340	1341	2
1340	1380	2
1341	1342	-2
1341	1381	1
1342	1343	-1
1342	1382	1
1343	1344	-2
1343	1383	2
1344	1345	2
1344	1384	1
1345	1346	1
1345	1385	2
1346	1347	1
1346	1386	-2
1347	1348	2
1347	1387	2
1348	1349	1
1348	1388	-2
1349	1350	2
1349	1389	-1
1350	1351	-1
1350	1390	-2
1351	1352	-2
1351	1391	1
1352	1353	2
1352	1392	-1
1353	1354	-1
1353	1393	-1
1354	1355	-1
1354	1394	-2
1355	1356	1
1355	1395	2
1356	1357	1
1356	1396	1
1357	1358	-1
1357	1397	1
1358	1359	-1
1358	1398	1
1359	1399	1
1360	1361	-2
1360	1399	2
1360	1400	-2
1361	1362	2
1361	1401	1
1362	1363	1
1362	1402	-1
1363	1364	2
1363	1403	-1
1364	1365	2
1364	1404	1
1365	1366	1
1365	1405	2
1366	1367	2
1366	1406	-1
1367	1368	1
1367	1407	-1
1368	1369	1
1368	1408	1
1369	1370	-1
1369	1409	-1
1370	1371	-2
1370	1410	2
1371	1372	1
1371	1411	2
1372	1373	-1
1372	1412	-1
1373	1374	-1
1373	1413	-1
1374	1375	1
1374	1414	1
1375	1376	-2
1375	1415	-1
1376	1377	2
1376	1416	-2
1377	1378	-1
1377	1417	-1
1378	1379	-2
1378	1418	-1
1379	1380	-1
1379	1419	2
1380	1381	-1
1380	1420	-1
1381	1382	2
1381	1421	-1
1382	1383	-2
1382	1422	2
1383	1384	1
1383	1423	-2
1384	1385	-1
1384	1424	-2
1385	1386	2
1385	1425	-2
1386	1387	1
1386	1426	-1
1387	1388	1
1387	1427	-1
1388	1389	2
1388	1428	-1
1389	1390	-1
1389	1429	-2
1390	1391	2
1390	1430	2
1391	1392	-2
1391	1431	1
1392	1393	-1
1392	1432	-1
1393	1394	2
1393	1433	-1
1394	1395	-1
1394	1434	-2
1395	1396	-2
1395	1435	-1
1396	1397	1
1396	1436	2
1397	1398	1
1397	1437	-2
1398	1399	2
1398	1438	2
1399	1439	2
1400	1401	-1
1400	1439	1
1400	1440	1
1401	1402	2
1401	1441	1
1402	1403	-1
1402	1442	1
1403	1404	2
1403	1443	-1
1404	1405	-1
1404	1444	-1
1405	1406	-1
1405	1445	2
1406	1407	-2
1406	1446	2
1407	1408	1
1407	1447	-1
1408	1409	1
1408	1448	-1
1409	1410	1
1409	1449	1
1410	1411	1
1410	1450	-1
1411	1412	-2
1411	1451	-1
1412	1413	2
1412	1452	1
1413	1414	2
1413	1453	-1
1414	1415	2
1414	1454	1
1415	1416	-1
1415	1455	-1
1416	1417	-1
1416	1456	1
1417	1418	-1
1417	1457	2
1418	1419	-1
1418	1458	1
1419	1420	1
1419	1459	-1
1420	1421	1
1420	1460	2
1421	1422	2
1421	1461	1
1422	1423	-1
1422	1462	-1
1423	1424	1
1423	1463	1
1424	1425	1
1424	1464	-2
1425	1426	2
1425	1465	2
1426	1427	-1
1426	1466	-2
1427	1428	-1
1427	1467	1
1428	1429	-1
1428	1468	2
1429	1430	-2
1429	1469	-2
1430	1431	-1
1430	1470	2
1431	1432	-1
1431	1471	-1
1432	1433	1
1432	1472	-2
1433	1434	-1
1433	1473	2
1434	1435	2
1434	1474	2
1435	1436	1
1435	1475	-1
1436	1437	2
1436	1476	-1
1437	1438	2
1437	1477	2
1438	1439	-1
1438	1478	-1
1439	1479	-1
1440	1441	-2
1440	1479	1
1440	1480	2
1441	1442	-1
1441	1481	2
1442	1443	2
1442	1482	1
1443	1444	-2
1443	1483	-2
1444	1445	-1
1444	1484	1
1445	1446	2
1445	1485	-1
1446	1447	2
1446	1486	2
1447	1448	-1
1447	1487	-1
1448	1449	1
1448	1488	2
1449	1450	1
1449	1489	-2
1450	1451	-2
1450	1490	1
1451	1452	-1
1451	1491	-2
1452	1453	2
1452	1492	-1
1453	1454	2
1453	1493	2
1454	1455	1
1454	1494	-2
1455	1456	-1
1455	1495	-2
1456	1457	1
1456	1496	1
1457	1458	2
1457	1497	2
1458	1459	-1
1458	1498	1
1459	1460	2
1459	1499	1
1460	1461	-1
1460	1500	-1
1461	1462	2
1461	1501	-1
1462	1463	2
1462	1502	2
1463	1464	2
1463	1503	-1
1464	1465	1
1464	1504	2
1465	1466	1
1465	1505	-2
1466	1467	1
1466	1506	-1
1467	1468	2
1467	1507	-1
1468	1469	-2
1468	1508	-2
1469	1470	-1
1469	1509	2
1470	1471	-2
1470	1510	-1
1471	1472	2
1471	1511	2
1472	1473	-2
1472	1512	2
1473	1474	1
1473	1513	-2
1474	1475	1
1474	1514	2
1475	1476	-1
1475	1515	-2
1476	1477	-2
1476	1516	1
1477	1478	1
1477	1517	2
1478	1479	1
1478	1518	1
1479	1519	1
1480	1481	1
1480	1519	-1
1480	1520	2
1481	1482	2
1481	1521	-2
1482	1483	2
1482	1522	1
1483	1484	1
1483	1523	-1
1484	1485	-1
1484	1524	-1
1485	1486	2
1485	1525	-1
1486	1487	1
1486	1526	-1
1487	1488	2
1487	1527	2
1488	1489	1
1488	1528	-1
1489	1490	-2
1489	1529	1
1490	1491	-1
1490	1530	1
1491	1492	-2
1491	1531	2
1492	1493	1
1492	1532	-1
1493	1494	1
1493	1533	1
1494	1495	-1
1494	1534	-1
1495	1496	2
1495	1535	-2
1496	1497	-2
1496	1536	-1
1497	1498	1
1497	1537	1
1498	1499	1
1498	1538	2
1499	1500	-2
1499	1539	1
1500	1501	1
1500	1540	1
1501	1502	-2
1501	1541	1
1502	1503	1
1502	1542	-2
1503	1504	1
1503	1543	-1
1504	1505	1
1504	1544	1
1505	1506	2
1505	1545	1
1506	1507	-1
1506	1546	2
1507	1508	2
1507	1547	1
1508	1509	-1
1508	1548	1
1509	1510	-1
1509	1549	-2
1510	1511	-1
1510	1550	2
1511	1512	-1
1511	1551	2
1512	1513	-1
1512	1552	-1
1513	1514	2
1513	1553	1
1514	1515	2
1514	1554	2
1515	1516	-2
1515	1555	-1
1516	1517	1
1516	1556	1
1517	1518	-1
1517	1557	2
1518	1519	-2
1518	1558	-2
1519	1559	2
1520	1521	2
1520	1559	1
1520	1560	-1
1521	1522	1
1521	1561	1
1522	1523	1
1522	1562	-1
1523	1524	-1
1523	1563	1
1524	1525	1
1524	1564	1
1525	1526	-2
1525	1565	1
1526	1527	2
1526	1566	-1
1527	1528	2
1527	1567	-1
1528	1529	-1
1528	1568	2
1529	1530	2
1529	1569	-2
1530	1531	-1
1530	1570	1
1531	1532	-1
1531	1571	-2
1532	1533	-1
1532	1572	2
1533	1534	1
1533	1573	-1
1534	1535	2
1534	1574	1
1535	1536	-1
1535	1575	2
1536	1537	-1
1536	1576	-2
1537	1538	-2
1537	1577	-1
1538	1539	1
1538	1578	-2
1539	1540	2
1539	1579	1
1540	1541	2
1540	1580	-1
1541	1542	-2
1541	1581	2
1542	1543	-1
1542	1582	-1
1543	1544	1
1543	1583	-2
1544	1545	1
1544	1584	2
1545	1546	-2
1545	1585	-1
1546	1547	-1
1546	1586	-1
1547	1548	-2
1547	1587	-2
1548	1549	1
1548	1588	2
1549	1550	-1
1549	1589	-1
1550	1551	1
1550	1590	1
1551	1552	-2
1551	1591	2
1552	1553	1
1552	1592	1
1553	1554	-2
1553	1593	-2
1554	1555	-2
1554	1594	-2
1555	1556	-2
1555	1595	2
1556	1557	-2
1556	1596	1
1557	1558	-2
1557	1597	2
1558	1559	-1
1558	1598	-1
1559	1599	1
1560	1561	2
1560	1599	1
1561	1562	1
1562	1563	1
1563	1564	-1
1564	1565	-1
1565	1566	-2
1566	1567	-2
1567	1568	-1
1568	1569	-1
1569	1570	1
1570	1571	-2
1571	1572	2
1572	1573	-1
1573	1574	2
1574	1575	-1
1575	1576	2
1576	1577	2
1577	1578	1
1578	1579	1
1579	1580	2
1580	1581	2
1581	1582	-1
1582	1583	2
1583	1584	-1
1584	1585	1
1585	1586	1
1586	1587	2
1587	1588	1
1588	1589	1
1589	1590	-2
1590	1591	-2
1591	1592	-2
1592	1593	1
1593	1594	-2
1594	1595	-1
1595	1596	-1
1596	1597	1
1597	1598	-1
1598	1599	-1
