0	1	-1
0	23	-1
0	24	-2
0	552	1
1	2	-1
1	25	-2
1	553	-2
2	3	2
2	26	2
2	554	1
3	4	-2
3	27	2
3	555	-2
4	5	-2
4	28	1
4	556	-1
5	6	-2
5	29	-2
5	557	1
6	7	-2
6	30	-2
6	558	-1
7	8	-1
7	31	-1
7	559	1
8	9	-2
8	32	-1
8	560	2
9	10	1
9	33	2
9	561	2
10	11	1
10	34	1
10	562	1
11	12	1
11	35	1
11	563	-2
12	13	2
12	36	-1
12	564	2
13	14	2
13	37	-2
13	565	1
14	15	-1
14	38	2
14	566	-2
15	16	-2
15	39	-2
15	567	1
16	17	-2
16	40	2
16	568	-2
17	18	-2
17	41	2
17	569	1
18	19	-2
18	42	1
18	570	2
19	20	-1
19	43	-2
19	571	-2
20	21	2
20	44	-1
20	572	1
21	22	1
21	45	-2
21	573	1
22	23	2
22	46	-2
22	574	-1
23	47	-1
23	575	2
24	25	1
24	47	-2
24	48	-1
25	26	-1
25	49	2
26	27	-1
26	50	-1
27	28	-1
27	51	-2
28	29	-2
28	52	2
29	30	1
29	53	2
30	31	1
30	54	-2
31	32	-1
31	55	-1
32	33	-2
32	56	1
33	34	-2
33	57	2
34	35	-1
34	58	1
35	36	-2
35	59	1
36	37	-1
36	60	1
37	38	-2
37	61	1
38	39	-1
38	62	2
39	40	2
39	63	-2
40	41	1
40	64	-2
41	42	-2
41	65	-1
42	43	-1
42	66	-1
43	44	-2
43	67	-2
44	45	-1
44	68	1
45	46	-1
45	69	1
46	47	-1
46	70	-1
47	71	-2
48	49	-2
48	71	2
48	72	-1
49	50	-1
49	73	-1
50	51	2
50	74	-2
51	52	-1
51	75	-2
52	53	1
52	76	2
53	54	2
53	77	-2
54	55	1
54	78	-2
55	56	-1
55	79	-2
56	57	2
56	80	-2
57	58	2
57	81	-2
58	59	1
58	82	-2
59	60	2
59	83	2
60	61	1
60	84	2
61	62	1
61	85	2
62	63	-2
62	86	-1
63	64	-1
63	87	-1
64	65	1
64	88	2
65	66	2
65	89	1
66	67	2
66	90	-1
67	68	-1
67	91	1
68	69	-1
68	92	-1
69	70	-1
69	93	1
70	71	-1
70	94	-2
71	95	2
72	73	2
72	95	1
72	96	1
73	74	-2
73	97	-2
74	75	-1
74	98	-1
75	76	-1
75	99	-1
76	77	2
76	100	2
77	78	2
77	101	2
78	79	-2
78	102	2
79	80	-2
79	103	-2
80	81	-1
80	104	-2
81	82	2
81	105	-1
82	83	2
82	106	1
83	84	-1
83	107	-1
84	85	-1
84	108	2
85	86	1
85	109	2
86	87	1
86	110	-2
87	88	1
87	111	-2
88	89	-1
88	112	-1
89	90	2
89	113	-1
90	91	2
90	114	-2
91	92	-2
91	115	1
92	93	-1
92	116	1
93	94	1
93	117	-2
94	95	-2
94	118	-1
95	119	2
96	97	1
96	119	-2
96	120	1
97	98	2
97	121	-1
98	99	-2
98	122	1
99	100	-2
99	123	-1
100	101	-1
100	124	-1
101	102	-1
101	125	-2
102	103	1
102	126	-1
103	104	1
103	127	-1
104	105	1
104	128	-1
105	106	2
105	129	2
106	107	2
106	130	-2
107	108	-2
107	131	1
108	109	1
108	132	-1
109	110	1
109	133	2
110	111	-1
110	134	-1
111	112	-2
111	135	-2
112	113	1
112	136	2
113	114	-2
113	137	2
114	115	2
114	138	2
115	116	2
115	139	-1
116	117	1
116	140	2
117	118	-1
117	141	1
118	119	2
118	142	1
119	143	2
120	121	1
120	143	-1
120	144	-1
121	122	1
121	145	2
122	123	-1
122	146	2
123	124	2
123	147	2
124	125	1
124	148	1
125	126	1
125	149	-1
126	127	-1
126	150	-2
127	128	2
127	151	2
128	129	2
128	152	-2
129	130	-2
129	153	-2
130	131	2
130	154	-2
131	132	1
131	155	2
132	133	1
132	156	-1
133	134	-1
133	157	-2
134	135	1
134	158	-2
135	136	2
135	159	-1
136	137	-1
136	160	1
137	138	-1
137	161	-1
138	139	1
138	162	1
139	140	2
139	163	1
140	141	-1
140	164	-2
141	142	-1
141	165	-1
142	143	-1
142	166	1
143	167	-1
144	145	1
144	167	1
144	168	-2
145	146	-1
145	169	1
146	147	-1
146	170	2
147	148	-1
147	171	1
148	149	-2
148	172	1
149	150	-2
149	173	2
150	151	1
150	174	2
151	152	1
151	175	1
152	153	1
152	176	1
153	154	1
153	177	1
154	155	-1
154	178	1
155	156	2
155	179	1
156	157	-1
156	180	1
157	158	2
157	181	-1
158	159	1
158	182	1
159	160	2
159	183	1
160	161	-2
160	184	2
161	162	-1
161	185	-1
162	163	-1
162	186	-2
163	164	1
163	187	2
164	165	1
164	188	2
165	166	-1
165	189	-1
166	167	-1
166	190	2
167	191	2
168	169	2
168	191	1
168	192	-1
169	170	1
169	193	1
170	171	2
170	194	-2
171	172	-1
171	195	2
172	173	1
172	196	2
173	174	-1
173	197	-1
174	175	-2
174	198	-1
175	176	-2
175	199	2
176	177	-1
176	200	1
177	178	-1
177	201	2
178	179	1
178	202	-2
179	180	-1
179	203	-2
180	181	-1
180	204	1
181	182	1
181	205	-2
182	183	-1
182	206	2
183	184	-1
183	207	-1
184	185	-1
184	208	2
185	186	2
185	209	-1
186	187	-2
186	210	1
187	188	-2
187	211	2
188	189	1
188	212	-1
189	190	-1
189	213	1
190	191	1
190	214	1
191	215	-1
192	193	2
192	215	-1
192	216	-2
193	194	2
193	217	-1
194	195	-1
194	218	1
195	196	1
195	219	-1
196	197	2
196	220	-1
197	198	1
197	221	-2
198	199	-1
198	222	-1
199	200	1
199	223	-1
200	201	2
200	224	2
201	202	-2
201	225	2
202	203	-1
202	226	1
203	204	-2
203	227	2
204	205	-1
204	228	1
205	206	1
205	229	-1
206	207	-2
206	230	1
207	208	-2
207	231	-1
208	209	1
208	232	-1
209	210	2
209	233	-2
210	211	2
210	234	1
211	212	-2
211	235	-2
212	213	1
212	236	1
213	214	1
213	237	1
214	215	2
214	238	-1
215	239	-2
216	217	-1
216	239	1
216	240	2
217	218	1
217	241	2
218	219	-1
218	242	2
219	220	-1
219	243	-1
220	221	-1
220	244	-1
221	222	-1
221	245	1
222	223	1
222	246	-1
223	224	-1
223	247	1
224	225	-1
224	248	-1
225	226	-1
225	249	-1
226	227	2
226	250	-1
227	228	-2
227	251	2
228	229	-1
228	252	1
229	230	-2
229	253	1
230	231	-1
230	254	-1
231	232	1
231	255	1
232	233	-2
232	256	1
233	234	2
233	257	2
234	235	2
234	258	-2
235	236	-1
235	259	2
236	237	-1
236	260	-2
237	238	-1
237	261	2
238	239	-2
238	262	-2
239	263	2
240	241	-1
240	263	-1
240	264	-1
241	242	-2
241	265	2
242	243	-1
242	266	-2
243	244	1
243	267	-1
244	245	-1
244	268	-1
245	246	-1
245	269	-1
246	247	-1
246	270	1
247	248	-1
247	271	1
248	249	-1
248	272	1
249	250	1
249	273	1
250	251	2
250	274	-2
251	252	2
251	275	-1
252	253	1
252	276	1
253	254	-1
253	277	1
254	255	-2
254	278	-1
255	256	-1
255	279	-1
256	257	-1
256	280	1
257	258	1
257	281	1
258	259	1
258	282	-1
259	260	-2
259	283	-1
260	261	-2
260	284	2
261	262	-1
261	285	1
262	263	2
262	286	2
263	287	-2
264	265	-2
264	287	1
264	288	-2
265	266	-1
265	289	-1
266	267	1
266	290	1
267	268	1
267	291	-1
268	269	2
268	292	-1
269	270	1
269	293	1
270	271	2
270	294	2
271	272	1
271	295	2
272	273	1
272	296	2
273	274	-2
273	297	-2
274	275	-2
274	298	1
275	276	1
275	299	2
276	277	-1
276	300	-1
277	278	-2
277	301	1
278	279	2
278	302	2
279	280	1
279	303	-1
280	281	1
280	304	-1
281	282	-2
281	305	1
282	283	-1
282	306	1
283	284	2
283	307	-1
284	285	2
284	308	-2
285	286	1
285	309	1
286	287	1
286	310	-1
287	311	2
288	289	-2
288	311	1
288	312	1
289	290	-1
289	313	-2
290	291	1
290	314	2
291	292	-1
291	315	2
292	293	-2
292	316	-1
293	294	-2
293	317	-2
294	295	-1
294	318	-1
295	296	-1
295	319	2
296	297	-1
296	320	2
297	298	-2
297	321	1
298	299	-1
298	322	-2
299	300	1
299	323	-2
300	301	-1
300	324	-1
301	302	2
301	325	-1
302	303	-1
302	326	1
303	304	-2
303	327	1
304	305	-1
304	328	1
305	306	2
305	329	1
306	307	-1
306	330	2
307	308	-1
307	331	1
308	309	-2
308	332	2
309	310	1
309	333	1
310	311	-1
310	334	1
311	335	-1
312	313	-2
312	335	1
312	336	2
313	314	-1
313	337	-1
314	315	-2
314	338	-1
315	316	-1
315	339	1
316	317	1
316	340	2
317	318	1
317	341	-2
318	319	-2
318	342	2
319	320	-1
319	343	-1
320	321	2
320	344	-1
321	322	-2
321	345	-1
322	323	1
322	346	2
323	324	2
323	347	1
324	325	1
324	348	-2
325	326	2
325	349	-1
326	327	2
326	350	-2
327	328	-2
327	351	2
328	329	1
328	352	-2
329	330	2
329	353	2
330	331	2
330	354	2
331	332	-1
331	355	-1
332	333	1
332	356	-1
333	334	-1
333	357	-2
334	335	-1
334	358	-2
335	359	-2
336	337	-1
336	359	2
336	360	-1
337	338	1
337	361	1
338	339	1
338	362	-1
339	340	2
339	363	1
340	341	-1
340	364	-1
341	342	1
341	365	-1
342	343	-1
342	366	-2
343	344	1
343	367	-1
344	345	2
344	368	-1
345	346	-2
345	369	2
346	347	-1
346	370	-1
347	348	1
347	371	1
348	349	1
348	372	2
349	350	-1
349	373	2
350	351	1
350	374	-2
351	352	-1
351	375	1
352	353	-1
352	376	-2
353	354	-1
353	377	-1
354	355	-2
354	378	2
355	356	1
355	379	1
356	357	1
356	380	-1
357	358	1
357	381	-1
358	359	2
358	382	-1
359	383	1
360	361	-2
360	383	2
360	384	-2
361	362	1
361	385	1
362	363	1
362	386	-1
363	364	1
363	387	-2
364	365	1
364	388	-2
365	366	2
365	389	1
366	367	2
366	390	1
367	368	1
367	391	2
368	369	2
368	392	-2
369	370	1
369	393	-1
370	371	-1
370	394	-1
371	372	1
371	395	2
372	373	-2
372	396	1
373	374	-1
373	397	-2
374	375	2
374	398	-1
375	376	-2
375	399	2
376	377	2
376	400	1
377	378	1
377	401	2
378	379	1
378	402	-2
379	380	-1
379	403	1
380	381	-1
380	404	1
381	382	2
381	405	1
382	383	2
382	406	-2
383	407	2
384	385	2
384	407	1
384	408	1
385	386	1
385	409	-2
386	387	2
386	410	-2
387	388	-1
387	411	1
388	389	-1
388	412	-2
389	390	-2
389	413	1
390	391	-2
390	414	2
391	392	2
391	415	-2
392	393	-1
392	416	-2
393	394	-1
393	417	-1
394	395	-1
394	418	-1
395	396	-2
395	419	-2
396	397	-1
396	420	1
397	398	2
397	421	2
398	399	-1
398	422	1
399	400	1
399	423	-2
400	401	2
400	424	1
401	402	2
401	425	2
402	403	1
402	426	-1
403	404	1
403	427	-2
404	405	1
404	428	-1
405	406	2
405	429	-1
406	407	-1
406	430	-2
407	431	-1
408	409	1
408	431	1
408	432	-1
409	410	-1
409	433	-1
410	411	1
410	434	-2
411	412	-1
411	435	-1
412	413	-2
412	436	1
413	414	-1
413	437	-2
414	415	-1
414	438	-2
415	416	2
415	439	-1
416	417	2
416	440	1
417	418	2
417	441	2
418	419	1
418	442	2
419	420	2
419	443	-1
420	421	2
420	444	-1
421	422	-2
421	445	-1
422	423	-1
422	446	1
423	424	2
423	447	-1
424	425	-1
424	448	-2
425	426	-2
425	449	-1
426	427	-2
426	450	-2
427	428	-2
427	451	-1
428	429	-1
428	452	1
429	430	2
429	453	1
430	431	1
430	454	-2
431	455	-1
432	433	-1
432	455	-1
432	456	-1
433	434	2
433	457	1
434	435	1
434	458	2
435	436	-1
435	459	2
436	437	2
436	460	1
437	438	1
437	461	2
438	439	1
438	462	-2
439	440	2
439	463	-1
440	441	1
440	464	-2
441	442	-1
441	465	-1
442	443	-1
442	466	2
443	444	-2
443	467	-2
444	445	-1
444	468	1
445	446	-1
445	469	-1
446	447	-1
446	470	1
447	448	-2
447	471	2
448	449	-1
448	472	2
449	450	1
449	473	-1
450	451	-1
450	474	1
451	452	-1
451	475	1
452	453	2
452	476	-2
453	454	2
453	477	-1
454	455	-2
454	478	2
455	479	1
456	457	-1
456	479	-1
456	480	1
457	458	2
457	481	2
458	459	-2
458	482	-1
459	460	-2
459	483	2
460	461	-1
460	484	-1
461	462	1
461	485	-1
462	463	-2
462	486	-1
463	464	-1
463	487	2
464	465	-2
464	488	-2
465	466	-1
465	489	-1
466	467	-2
466	490	-1
467	468	-1
467	491	-1
468	469	-1
468	492	-1
469	470	2
469	493	1
470	471	2
470	494	2
471	472	-2
471	495	2
472	473	-2
472	496	1
473	474	1
473	497	1
474	475	1
474	498	2
475	476	1
475	499	2
476	477	-1
476	500	1
477	478	2
477	501	2
478	479	2
478	502	-1
479	503	1
480	481	2
480	503	1
480	504	1
481	482	1
481	505	-1
482	483	-1
482	506	-2
483	484	-1
483	507	-1
484	485	-2
484	508	1
485	486	-1
485	509	-1
486	487	2
486	510	1
487	488	-1
487	511	2
488	489	1
488	512	-2
489	490	1
489	513	1
490	491	1
490	514	2
491	492	1
491	515	-1
492	493	-1
492	516	1
493	494	-2
493	517	-2
494	495	2
494	518	2
495	496	1
495	519	1
496	497	2
496	520	2
497	498	-1
497	521	-1
498	499	1
498	522	2
499	500	-2
499	523	-2
500	501	-1
500	524	2
501	502	1
501	525	1
502	503	-2
502	526	-2
503	527	-2
504	505	1
504	527	1
504	528	-2
505	506	1
505	529	-2
506	507	2
506	530	1
507	508	2
507	531	-1
508	509	-1
508	532	-2
509	510	-2
509	533	2
510	511	-2
510	534	2
511	512	-2
511	535	2
512	513	2
512	536	-2
513	514	2
513	537	2
514	515	2
514	538	-2
515	516	-1
515	539	1
516	517	-1
516	540	-1
517	518	1
517	541	-2
518	519	-1
518	542	2
519	520	2
519	543	2
520	521	1
520	544	-2
521	522	1
521	545	1
522	523	1
522	546	-2
523	524	2
523	547	-1
524	525	2
524	548	-2
525	526	-1
525	549	1
526	527	1
526	550	-2
527	551	-1
528	529	2
528	551	-1
528	552	1
529	530	2
529	553	-1
530	531	2
530	554	-2
531	532	-1
531	555	1
532	533	2
532	556	-1
533	534	1
533	557	1
534	535	-2
534	558	-2
535	536	-1
535	559	1
536	537	1
536	560	2
537	538	1
537	561	2
538	539	1
538	562	-2
539	540	-1
539	563	-2
540	541	1
540	564	-2
541	542	1
541	565	2
542	543	2
542	566	-2
543	544	1
543	567	1
544	545	-2
544	568	1
545	546	2
545	569	-1
546	547	1
546	570	1
547	548	-2
547	571	-1
548	549	-2
548	572	2
549	550	-2
549	573	-2
550	551	-1
550	574	-1
551	575	2
552	553	1
552	575	2
553	554	-1
554	555	1
555	556	1
556	557	2
557	558	-2
558	559	-1
559	560	2
560	561	-1
561	562	-1
562	563	-2
563	564	1
564	565	1
565	566	2
566	567	1
567	568	-1
568	569	-2
569	570	2
570	571	1
571	572	-2
572	573	-1
573	574	1
574	575	-2
