0	1	-1
0	23	1
0	24	-1
0	552	-2
1	2	2
1	25	-2
1	553	1
2	3	-2
2	26	-1
2	554	-2
3	4	-2
3	27	-2
3	555	-1
4	5	1
4	28	1
4	556	2
5	6	-2
5	29	2
5	557	-2
6	7	2
6	30	-2
6	558	1
7	8	2
7	31	1
7	559	-2
8	9	-1
8	32	-2
8	560	1
9	10	-1
9	33	-1
9	561	-2
10	11	1
10	34	-2
10	562	2
11	12	-1
11	35	2
11	563	-1
12	13	-1
12	36	1
12	564	1
13	14	2
13	37	-2
13	565	2
14	15	-2
14	38	-2
14	566	1
15	16	2
15	39	-2
15	567	-1
16	17	1
16	40	-2
16	568	2
17	18	-2
17	41	-1
17	569	-2
18	19	-1
18	42	-1
18	570	1
19	20	2
19	43	-1
19	571	-1
20	21	-2
20	44	1
20	572	-1
21	22	1
21	45	-2
21	573	-1
22	23	-2
22	46	1
22	574	-1
23	47	-2
23	575	2
24	25	2
24	47	-1
24	48	1
25	26	-1
25	49	1
26	27	1
26	50	1
27	28	1
27	51	1
28	29	-1
28	52	-2
29	30	2
29	53	-1
30	31	2
30	54	1
31	32	1
31	55	-2
32	33	2
32	56	1
33	34	-1
33	57	-2
34	35	1
34	58	1
35	36	1
35	59	2
36	37	-2
36	60	2
37	38	2
37	61	-2
38	39	1
38	62	-2
39	40	1
39	63	1
40	41	-2
40	64	-1
41	42	-2
41	65	1
42	43	1
42	66	-1
43	44	-2
43	67	-1
44	45	-2
44	68	-2
45	46	1
45	69	1
46	47	-2
46	70	-1
47	71	2
48	49	-1
48	71	2
48	72	-1
49	50	2
49	73	-1
50	51	1
50	74	-2
51	52	2
51	75	-2
52	53	1
52	76	2
53	54	2
53	77	2
54	55	-2
54	78	-1
55	56	2
55	79	1
56	57	2
56	80	1
57	58	-2
57	81	-2
58	59	-2
58	82	1
59	60	-2
59	83	-1
60	61	1
60	84	-1
61	62	-1
61	85	-1
62	63	2
62	86	2
63	64	1
63	87	-1
64	65	-1
64	88	1
65	66	-2
65	89	-1
66	67	1
66	90	2
67	68	2
67	91	-2
68	69	-2
68	92	1
69	70	1
69	93	2
70	71	2
70	94	1
71	95	2
72	73	1
72	95	1
72	96	1
73	74	-1
73	97	1
74	75	-1
74	98	-1
75	76	-2
75	99	-2
76	77	-1
76	100	2
77	78	-1
77	101	1
78	79	-2
78	102	-1
79	80	2
79	103	1
80	81	1
80	104	-2
81	82	-1
81	105	-1
82	83	-2
82	106	-1
83	84	1
83	107	-1
84	85	-1
84	108	1
85	86	-2
85	109	2
86	87	1
86	110	1
87	88	2
87	111	-1
88	89	-1
88	112	2
89	90	2
89	113	-2
90	91	1
90	114	-1
91	92	1
91	115	1
92	93	2
92	116	1
93	94	-2
93	117	-1
94	95	-1
94	118	-2
95	119	2
96	97	-2
96	119	-2
96	120	1
97	98	-2
97	121	-1
98	99	2
98	122	-1
99	100	-1
99	123	2
100	101	-1
100	124	-1
101	102	-1
101	125	1
102	103	-1
102	126	-2
103	104	1
103	127	-2
104	105	-1
104	128	1
105	106	1
105	129	-1
106	107	-1
106	130	-2
107	108	1
107	131	-2
108	109	-1
108	132	-2
109	110	1
109	133	2
110	111	1
110	134	-2
111	112	1
111	135	-2
112	113	1
112	136	-2
113	114	-2
113	137	-1
114	115	-1
114	138	1
115	116	-1
115	139	2
116	117	1
116	140	-2
117	118	1
117	141	-2
118	119	2
118	142	-1
119	143	-2
120	121	-2
120	143	-2
120	144	2
121	122	1
121	145	-1
122	123	2
122	146	-2
123	124	-1
123	147	-2
124	125	-1
124	148	-1
125	126	-1
125	149	-1
126	127	1
126	150	1
127	128	2
127	151	2
128	129	-1
128	152	2
129	130	1
129	153	1
130	131	2
130	154	1
131	132	-2
131	155	2
132	133	-1
132	156	1
133	134	-1
133	157	1
134	135	-1
134	158	2
135	136	-2
135	159	1
136	137	-2
136	160	-2
137	138	-1
137	161	-1
138	139	2
138	162	1
139	140	2
139	163	-1
140	141	-2
140	164	2
141	142	2
141	165	-1
142	143	-1
142	166	-2
143	167	-1
144	145	-1
144	167	-1
144	168	-1
145	146	-1
145	169	-1
146	147	1
146	170	1
147	148	2
147	171	-2
148	149	-1
148	172	-1
149	150	-1
149	173	-1
150	151	2
150	174	1
151	152	-1
151	175	-2
152	153	-1
152	176	-1
153	154	-2
153	177	-1
154	155	-2
154	178	-2
155	156	1
155	179	-1
156	157	1
156	180	-2
157	158	1
157	181	-2
158	159	-1
158	182	-1
159	160	-1
159	183	-2
160	161	-2
160	184	-1
161	162	-1
161	185	1
162	163	-2
162	186	1
163	164	1
163	187	2
164	165	-2
164	188	-1
165	166	-1
165	189	-1
166	167	1
166	190	-1
167	191	-1
168	169	1
168	191	-1
168	192	2
169	170	1
169	193	2
170	171	1
170	194	2
171	172	-1
171	195	-1
172	173	1
172	196	1
173	174	-2
173	197	-1
174	175	2
174	198	-2
175	176	-2
175	199	2
176	177	1
176	200	2
177	178	1
177	201	2
178	179	2
178	202	-2
179	180	1
179	203	-1
180	181	-1
180	204	-2
181	182	-2
181	205	-1
182	183	2
182	206	-1
183	184	1
183	207	-1
184	185	-2
184	208	-1
185	186	1
185	209	2
186	187	1
186	210	-1
187	188	1
187	211	-1
188	189	2
188	212	-1
189	190	1
189	213	2
190	191	-1
190	214	-2
191	215	-2
192	193	2
192	215	-1
192	216	2
193	194	-1
193	217	1
194	195	2
194	218	1
195	196	-1
195	219	2
196	197	1
196	220	2
197	198	1
197	221	-1
198	199	-2
198	222	1
199	200	1
199	223	2
200	201	1
200	224	1
201	202	1
201	225	-2
202	203	-1
202	226	-1
203	204	-2
203	227	-1
204	205	-2
204	228	-2
205	206	2
205	229	2
206	207	-1
206	230	-2
207	208	-1
207	231	-1
208	209	2
208	232	-2
209	210	2
209	233	-1
210	211	-2
210	234	-2
211	212	-1
211	235	-2
212	213	-1
212	236	1
213	214	2
213	237	1
214	215	-1
214	238	1
215	239	1
216	217	-1
216	239	-2
216	240	1
217	218	-2
217	241	-1
218	219	-2
218	242	-1
219	220	-2
219	243	2
220	221	2
220	244	-2
221	222	2
221	245	-2
222	223	2
222	246	-1
223	224	1
223	247	1
224	225	2
224	248	1
225	226	2
225	249	-1
226	227	2
226	250	2
227	228	-1
227	251	-1
228	229	-1
228	252	2
229	230	-2
229	253	1
230	231	2
230	254	1
231	232	1
231	255	2
232	233	-2
232	256	-1
233	234	-2
233	257	-1
234	235	1
234	258	-1
235	236	-1
235	259	-1
236	237	1
236	260	2
237	238	1
237	261	-1
238	239	1
238	262	1
239	263	-1
240	241	-1
240	263	-1
240	264	-1
241	242	2
241	265	-1
242	243	2
242	266	1
243	244	-1
243	267	-2
244	245	-1
244	268	1
245	246	-2
245	269	1
246	247	-2
246	270	1
247	248	-2
247	271	2
248	249	-1
248	272	-1
249	250	1
249	273	-1
250	251	-1
250	274	1
251	252	-2
251	275	-2
252	253	-2
252	276	-2
253	254	2
253	277	-1
254	255	-1
254	278	-2
255	256	2
255	279	2
256	257	-1
256	280	-1
257	258	2
257	281	-1
258	259	1
258	282	1
259	260	-2
259	283	1
260	261	2
260	284	-1
261	262	1
261	285	2
262	263	1
262	286	-1
263	287	2
264	265	2
264	287	-2
264	288	-2
265	266	2
265	289	-1
266	267	1
266	290	-1
267	268	-2
267	291	-1
268	269	1
268	292	-1
269	270	2
269	293	2
270	271	1
270	294	-1
271	272	2
271	295	-2
272	273	2
272	296	-1
273	274	-1
273	297	-2
274	275	-2
274	298	-1
275	276	-1
275	299	-2
276	277	1
276	300	-2
277	278	2
277	301	1
278	279	-2
278	302	-1
279	280	-2
279	303	2
280	281	1
280	304	-1
281	282	2
281	305	1
282	283	-1
282	306	1
283	284	-2
283	307	-1
284	285	1
284	308	2
285	286	2
285	309	1
286	287	2
286	310	2
287	311	-2
288	289	-1
288	311	1
288	312	2
289	290	-2
289	313	2
290	291	-1
290	314	-1
291	292	1
291	315	1
292	293	-2
292	316	2
293	294	1
293	317	-1
294	295	2
294	318	2
295	296	-1
295	319	-2
296	297	-1
296	320	2
297	298	2
297	321	1
298	299	2
298	322	-2
299	300	1
299	323	-2
300	301	2
300	324	-1
301	302	2
301	325	-2
302	303	-2
302	326	-1
303	304	-1
303	327	1
304	305	-2
304	328	-1
305	306	-1
305	329	-2
306	307	1
306	330	-1
307	308	-2
307	331	2
308	309	-1
308	332	-1
309	310	-1
309	333	2
310	311	-2
310	334	-2
311	335	-2
312	313	1
312	335	1
312	336	1
313	314	-2
313	337	2
314	315	-1
314	338	-1
315	316	-1
315	339	2
316	317	-1
316	340	-2
317	318	-2
317	341	-1
318	319	1
318	342	2
319	320	-2
319	343	1
320	321	1
320	344	1
321	322	-2
321	345	-1
322	323	-1
322	346	1
323	324	1
323	347	-2
324	325	-1
324	348	-1
325	326	1
325	349	2
326	327	-2
326	350	-2
327	328	-2
327	351	-1
328	329	1
328	352	-1
329	330	-2
329	353	-1
330	331	2
330	354	2
331	332	2
331	355	1
332	333	-2
332	356	-2
333	334	-2
333	357	1
334	335	1
334	358	-2
335	359	-1
336	337	1
336	359	1
336	360	-1
337	338	-2
337	361	1
338	339	-1
338	362	-2
339	340	-2
339	363	-1
340	341	-1
340	364	1
341	342	-1
341	365	-1
342	343	-1
342	366	-2
343	344	1
343	367	-1
344	345	1
344	368	-2
345	346	-2
345	369	2
346	347	1
346	370	1
347	348	-1
347	371	-1
348	349	2
348	372	-2
349	350	2
349	373	1
350	351	1
350	374	-1
351	352	2
351	375	2
352	353	1
352	376	-2
353	354	-1
353	377	2
354	355	1
354	378	2
355	356	2
355	379	-2
356	357	-1
356	380	-1
357	358	-2
357	381	-2
358	359	1
358	382	2
359	383	1
360	361	1
360	383	2
360	384	-2
361	362	-1
361	385	-2
362	363	1
362	386	-2
363	364	1
363	387	-1
364	365	-1
364	388	-2
365	366	-2
365	389	2
366	367	2
366	390	1
367	368	1
367	391	1
368	369	1
368	392	-1
369	370	1
369	393	-1
370	371	1
370	394	-2
371	372	1
371	395	1
372	373	1
372	396	1
373	374	2
373	397	2
374	375	2
374	398	2
375	376	-2
375	399	-1
376	377	2
376	400	-1
377	378	1
377	401	-1
378	379	2
378	402	2
379	380	-2
379	403	1
380	381	2
380	404	-2
381	382	-1
381	405	2
382	383	-1
382	406	2
383	407	1
384	385	1
384	407	1
384	408	1
385	386	2
385	409	-1
386	387	1
386	410	-1
387	388	-2
387	411	1
388	389	2
388	412	1
389	390	2
389	413	-1
390	391	-2
390	414	2
391	392	1
391	415	-1
392	393	-1
392	416	-1
393	394	-2
393	417	2
394	395	1
394	418	-1
395	396	-1
395	419	1
396	397	2
396	420	-1
397	398	-1
397	421	-1
398	399	1
398	422	2
399	400	2
399	423	-2
400	401	1
400	424	2
401	402	1
401	425	2
402	403	1
402	426	1
403	404	-1
403	427	-2
404	405	1
404	428	2
405	406	1
405	429	1
406	407	2
406	430	-1
407	431	-1
408	409	2
408	431	1
408	432	-1
409	410	2
409	433	1
410	411	1
410	434	-2
411	412	1
411	435	2
412	413	1
412	436	-2
413	414	-1
413	437	1
414	415	-1
414	438	1
415	416	-2
415	439	-1
416	417	-2
416	440	-2
417	418	2
417	441	-1
418	419	1
418	442	-1
419	420	2
419	443	-2
420	421	-2
420	444	-2
421	422	-2
421	445	2
422	423	1
422	446	-1
423	424	1
423	447	-2
424	425	-2
424	448	2
425	426	1
425	449	-2
426	427	2
426	450	-1
427	428	1
427	451	1
428	429	-2
428	452	1
429	430	1
429	453	1
430	431	-2
430	454	2
431	455	-2
432	433	1
432	455	-2
432	456	1
433	434	2
433	457	1
434	435	-1
434	458	-1
435	436	2
435	459	2
436	437	1
436	460	-1
437	438	1
437	461	1
438	439	-2
438	462	-2
439	440	1
439	463	1
440	441	-2
440	464	-2
441	442	-2
441	465	1
442	443	2
442	466	1
443	444	-1
443	467	-2
444	445	2
444	468	1
445	446	-1
445	469	-1
446	447	-1
446	470	-2
447	448	2
447	471	-1
448	449	-1
448	472	1
449	450	-2
449	473	-1
450	451	1
450	474	-1
451	452	-1
451	475	-1
452	453	-2
452	476	-2
453	454	-2
453	477	-2
454	455	2
454	478	-1
455	479	-2
456	457	-1
456	479	1
456	480	1
457	458	-2
457	481	1
458	459	-2
458	482	1
459	460	-1
459	483	1
460	461	1
460	484	-1
461	462	-2
461	485	1
462	463	-1
462	486	2
463	464	-1
463	487	1
464	465	-1
464	488	-2
465	466	-2
465	489	2
466	467	1
466	490	2
467	468	-1
467	491	-1
468	469	2
468	492	-1
469	470	2
469	493	1
470	471	1
470	494	-2
471	472	-2
471	495	-1
472	473	-1
472	496	-2
473	474	-1
473	497	-2
474	475	-1
474	498	2
475	476	2
475	499	2
476	477	1
476	500	-1
477	478	-1
477	501	-2
478	479	-2
478	502	-2
479	503	-1
480	481	1
480	503	1
480	504	1
481	482	2
481	505	-1
482	483	-1
482	506	-2
483	484	-1
483	507	1
484	485	2
484	508	2
485	486	2
485	509	2
486	487	-1
486	510	-2
487	488	-2
487	511	2
488	489	-1
488	512	-1
489	490	1
489	513	2
490	491	-1
490	514	1
491	492	1
491	515	-1
492	493	-2
492	516	1
493	494	1
493	517	1
494	495	-1
494	518	1
495	496	2
495	519	1
496	497	-2
496	520	-1
497	498	-1
497	521	2
498	499	-1
498	522	1
499	500	1
499	523	1
500	501	-1
500	524	1
501	502	2
501	525	2
502	503	-1
502	526	-2
503	527	2
504	505	1
504	527	-2
504	528	-1
505	506	2
505	529	-2
506	507	-2
506	530	1
507	508	1
507	531	-1
508	509	-1
508	532	-2
509	510	-2
509	533	2
510	511	-1
510	534	-1
511	512	1
511	535	-1
512	513	-2
512	536	1
513	514	1
513	537	-1
514	515	-1
514	538	-1
515	516	-1
515	539	2
516	517	1
516	540	-1
517	518	-2
517	541	-1
518	519	1
518	542	-2
519	520	2
519	543	-2
520	521	-1
520	544	2
521	522	-1
521	545	-1
522	523	1
522	546	-1
523	524	-2
523	547	1
524	525	2
524	548	1
525	526	-2
525	549	-1
526	527	-2
526	550	1
527	551	-1
528	529	1
528	551	2
528	552	1
529	530	1
529	553	-1
530	531	-1
530	554	-1
531	532	-2
531	555	-1
532	533	1
532	556	-1
533	534	-2
533	557	1
534	535	-1
534	558	-1
535	536	1
535	559	2
536	537	-1
536	560	-1
537	538	-1
537	561	-1
538	539	2
538	562	1
539	540	-2
539	563	-2
540	541	1
540	564	1
541	542	1
541	565	-2
542	543	-1
542	566	-1
543	544	1
543	567	1
544	545	2
544	568	-1
545	546	1
545	569	2
546	547	1
546	570	-1
547	548	2
547	571	-1
548	549	1
548	572	1
549	550	-2
549	573	-2
550	551	2
550	574	-2
551	575	1
552	553	2
552	575	2
553	554	2
554	555	1
555	556	-2
556	557	1
557	558	-1
558	559	-2
559	560	1
560	561	1
561	562	-1
562	563	1
563	564	-1
564	565	1
565	566	-1
566	567	-1
567	568	1
568	569	2
569	570	-1
570	571	-1
571	572	-2
572	573	2
573	574	-1
574	575	1
