0	1	-1
0	23	1
0	24	-1
0	552	-1
1	2	2
1	25	-1
1	553	2
2	3	2
2	26	2
2	554	-1
3	4	1
3	27	-2
3	555	1
4	5	-1
4	28	-1
4	556	-1
5	6	-1
5	29	-2
5	557	-1
6	7	-1
6	30	1
6	558	-1
7	8	2
7	31	1
7	559	-2
8	9	-1
8	32	1
8	560	-1
9	10	1
9	33	-1
9	561	1
10	11	2
10	34	1
10	562	-1
11	12	-1
11	35	-2
11	563	-1
12	13	-1
12	36	-2
12	564	2
13	14	1
13	37	2
13	565	-1
14	15	-1
14	38	-1
14	566	-1
15	16	2
15	39	1
15	567	2
16	17	-2
16	40	1
16	568	-1
17	18	-1
17	41	1
17	569	1
18	19	1
18	42	2
18	570	2
19	20	1
19	43	2
19	571	-2
20	21	-2
20	44	-2
20	572	2
21	22	1
21	45	2
21	573	-2
22	23	-1
22	46	-2
22	574	2
23	47	1
23	575	2
24	25	1
24	47	-1
24	48	-2
25	26	1
25	49	2
26	27	1
26	50	2
27	28	-1
27	51	1
28	29	2
28	52	-1
29	30	1
29	53	-2
30	31	1
30	54	-2
31	32	-2
31	55	2
32	33	-1
32	56	1
33	34	1
33	57	-1
34	35	1
34	58	-1
35	36	-1
35	59	-1
36	37	-1
36	60	-2
37	38	-1
37	61	2
38	39	-1
38	62	1
39	40	-1
39	63	1
40	41	1
40	64	-1
41	42	-1
41	65	1
42	43	-2
42	66	1
43	44	2
43	67	-1
44	45	-1
44	68	2
45	46	-2
45	69	2
46	47	-2
46	70	-1
47	71	-2
48	49	-2
48	71	1
48	72	2
49	50	-2
49	73	2
50	51	1
50	74	-1
51	52	-1
51	75	-1
52	53	2
52	76	-1
53	54	-1
53	77	2
54	55	-1
54	78	1
55	56	1
55	79	1
56	57	-1
56	80	-2
57	58	-1
57	81	-2
58	59	2
58	82	-2
59	60	1
59	83	-1
60	61	1
60	84	1
61	62	2
61	85	-1
62	63	2
62	86	2
63	64	-1
63	87	1
64	65	-2
64	88	2
65	66	1
65	89	-1
66	67	1
66	90	1
67	68	1
67	91	1
68	69	1
68	92	1
69	70	-2
69	93	1
70	71	2
70	94	1
71	95	-1
72	73	1
72	95	1
72	96	1
73	74	-1
73	97	-1
74	75	-2
74	98	2
75	76	-1
75	99	1
76	77	2
76	100	-1
77	78	2
77	101	1
78	79	1
78	102	2
79	80	1
79	103	-2
80	81	1
80	104	-1
81	82	-2
81	105	1
82	83	-2
82	106	1
83	84	1
83	107	-1
84	85	1
84	108	1
85	86	2
85	109	-1
86	87	-1
86	110	-1
87	88	-1
87	111	2
88	89	-1
88	112	-2
89	90	-2
89	113	1
90	91	-1
90	114	1
91	92	-1
91	115	1
92	93	-1
92	116	-2
93	94	-2
93	117	2
94	95	2
94	118	1
95	119	-2
96	97	1
96	119	1
96	120	2
97	98	-2
97	121	2
98	99	-1
98	122	-2
99	100	-1
99	123	-1
100	101	2
100	124	-1
101	102	-2
101	125	1
102	103	-2
102	126	-2
103	104	-2
103	127	1
104	105	2
104	128	1
105	106	2
105	129	-2
106	107	2
106	130	2
107	108	1
107	131	1
108	109	-1
108	132	-1
109	110	-2
109	133	-1
110	111	1
110	134	2
111	112	-1
111	135	-1
112	113	-2
112	136	-1
113	114	2
113	137	1
114	115	-1
114	138	2
115	116	-2
115	139	1
116	117	2
116	140	1
117	118	2
117	141	-2
118	119	2
118	142	-1
119	143	1
120	121	-1
120	143	-2
120	144	1
121	122	1
121	145	-1
122	123	2
122	146	-1
123	124	-1
123	147	1
124	125	2
124	148	-1
125	126	-1
125	149	1
126	127	-2
126	150	-1
127	128	-2
127	151	-2
128	129	1
128	152	2
129	130	1
129	153	-2
130	131	-1
130	154	-2
131	132	-1
131	155	1
132	133	1
132	156	2
133	134	-1
133	157	-1
134	135	2
134	158	-2
135	136	2
135	159	1
136	137	-2
136	160	2
137	138	-1
137	161	1
138	139	2
138	162	-1
139	140	1
139	163	-1
140	141	1
140	164	-1
141	142	2
141	165	2
142	143	2
142	166	2
143	167	1
144	145	2
144	167	2
144	168	-2
145	146	-2
145	169	1
146	147	-1
146	170	-2
147	148	-1
147	171	-2
148	149	-1
148	172	-2
149	150	-1
149	173	-2
150	151	-1
150	174	2
151	152	-1
151	175	-1
152	153	1
152	176	1
153	154	-1
153	177	2
154	155	-2
154	178	2
155	156	1
155	179	-1
156	157	1
156	180	-1
157	158	1
157	181	2
158	159	1
158	182	2
159	160	-2
159	183	-2
160	161	-2
160	184	-2
161	162	-1
161	185	-2
162	163	1
162	186	1
163	164	-1
163	187	-2
164	165	1
164	188	1
165	166	-1
165	189	-1
166	167	2
166	190	2
167	191	1
168	169	1
168	191	-2
168	192	1
169	170	-1
169	193	-1
170	171	2
170	194	1
171	172	-2
171	195	2
172	173	2
172	196	1
173	174	2
173	197	2
174	175	-2
174	198	-1
175	176	-2
175	199	-2
176	177	-2
176	200	-1
177	178	-2
177	201	1
178	179	-1
178	202	-2
179	180	-2
179	203	1
180	181	1
180	204	2
181	182	1
181	205	2
182	183	1
182	206	2
183	184	-2
183	207	-1
184	185	1
184	208	1
185	186	-1
185	209	1
186	187	1
186	210	2
187	188	1
187	211	-1
188	189	1
188	212	-1
189	190	-1
189	213	1
190	191	-1
190	214	-2
191	215	1
192	193	1
192	215	2
192	216	-1
193	194	-1
193	217	1
194	195	2
194	218	-1
195	196	2
195	219	-2
196	197	-2
196	220	-1
197	198	1
197	221	-2
198	199	-2
198	222	2
199	200	1
199	223	1
200	201	2
200	224	2
201	202	-2
201	225	1
202	203	-2
202	226	1
203	204	1
203	227	1
204	205	-1
204	228	-2
205	206	-1
205	229	-1
206	207	-1
206	230	-2
207	208	-2
207	231	1
208	209	-1
208	232	-2
209	210	2
209	233	-2
210	211	-1
210	234	1
211	212	-2
211	235	-1
212	213	-2
212	236	-1
213	214	-1
213	237	2
214	215	2
214	238	1
215	239	-2
216	217	1
216	239	1
216	240	-2
217	218	1
217	241	-2
218	219	-1
218	242	-1
219	220	-2
219	243	2
220	221	1
220	244	2
221	222	1
221	245	-2
222	223	2
222	246	2
223	224	-2
223	247	1
224	225	-1
224	248	-2
225	226	-2
225	249	-1
226	227	2
226	250	1
227	228	1
227	251	2
228	229	1
228	252	-2
229	230	-1
229	253	-1
230	231	-2
230	254	1
231	232	2
231	255	-1
232	233	1
232	256	-2
233	234	-2
233	257	1
234	235	-1
234	258	-1
235	236	-1
235	259	-2
236	237	-2
236	260	2
237	238	1
237	261	1
238	239	1
238	262	1
239	263	-2
240	241	2
240	263	-1
240	264	-2
241	242	-2
241	265	1
242	243	2
242	266	1
243	244	1
243	267	-2
244	245	-2
244	268	-2
245	246	1
245	269	1
246	247	1
246	270	-1
247	248	-1
247	271	-1
248	249	1
248	272	1
249	250	-2
249	273	1
250	251	1
250	274	2
251	252	2
251	275	-1
252	253	-1
252	276	2
253	254	-2
253	277	2
254	255	-2
254	278	1
255	256	-1
255	279	1
256	257	2
256	280	-2
257	258	-2
257	281	-1
258	259	1
258	282	-2
259	260	-1
259	283	-2
260	261	-1
260	284	-2
261	262	-1
261	285	-2
262	263	-2
262	286	-1
263	287	2
264	265	2
264	287	2
264	288	-1
265	266	-1
265	289	2
266	267	2
266	290	-2
267	268	-2
267	291	2
268	269	-2
268	292	-1
269	270	1
269	293	1
270	271	-2
270	294	-1
271	272	-1
271	295	-2
272	273	-1
272	296	2
273	274	-2
273	297	-2
274	275	1
274	298	1
275	276	1
275	299	-2
276	277	2
276	300	-2
277	278	-2
277	301	1
278	279	1
278	302	-1
279	280	2
279	303	1
280	281	-2
280	304	2
281	282	1
281	305	1
282	283	-1
282	306	1
283	284	-1
283	307	-1
284	285	2
284	308	-2
285	286	-1
285	309	-1
286	287	-1
286	310	-1
287	311	-1
288	289	2
288	311	-2
288	312	-1
289	290	-1
289	313	-2
290	291	-2
290	314	-2
291	292	-2
291	315	-2
292	293	-2
292	316	-1
293	294	1
293	317	-2
294	295	-1
294	318	2
295	296	-2
295	319	-2
296	297	-2
296	320	-2
297	298	-1
297	321	-1
298	299	1
298	322	1
299	300	-2
299	323	-1
300	301	2
300	324	2
301	302	-2
301	325	1
302	303	2
302	326	-1
303	304	-1
303	327	-2
304	305	-2
304	328	-2
305	306	-1
305	329	-1
306	307	2
306	330	-1
307	308	2
307	331	-2
308	309	-1
308	332	-1
309	310	1
309	333	-1
310	311	2
310	334	2
311	335	-2
312	313	-1
312	335	2
312	336	-1
313	314	1
313	337	2
314	315	1
314	338	-1
315	316	-1
315	339	1
316	317	1
316	340	1
317	318	-2
317	341	1
318	319	-1
318	342	-2
319	320	-1
319	343	1
320	321	2
320	344	2
321	322	1
321	345	1
322	323	1
322	346	1
323	324	-1
323	347	1
324	325	-1
324	348	-1
325	326	2
325	349	1
326	327	-1
326	350	-1
327	328	-2
327	351	2
328	329	1
328	352	1
329	330	1
329	353	-2
330	331	-1
330	354	-2
331	332	1
331	355	-1
332	333	1
332	356	1
333	334	-2
333	357	-1
334	335	1
334	358	2
335	359	2
336	337	-2
336	359	1
336	360	2
337	338	2
337	361	-1
338	339	2
338	362	2
339	340	2
339	363	1
340	341	2
340	364	2
341	342	-1
341	365	2
342	343	-2
342	366	-1
343	344	1
343	367	1
344	345	1
344	368	1
345	346	-1
345	369	1
346	347	1
346	370	2
347	348	-1
347	371	1
348	349	1
348	372	-2
349	350	1
349	373	-2
350	351	2
350	374	-1
351	352	1
351	375	1
352	353	-2
352	376	-2
353	354	-2
353	377	1
354	355	-1
354	378	-1
355	356	1
355	379	-1
356	357	1
356	380	2
357	358	-1
357	381	1
358	359	-2
358	382	1
359	383	2
360	361	-1
360	383	2
360	384	-1
361	362	-2
361	385	1
362	363	-1
362	386	-2
363	364	1
363	387	-1
364	365	-1
364	388	-1
365	366	2
365	389	-1
366	367	-1
366	390	1
367	368	2
367	391	2
368	369	-1
368	392	1
369	370	-1
369	393	-1
370	371	-2
370	394	1
371	372	-1
371	395	1
372	373	-2
372	396	1
373	374	-2
373	397	2
374	375	2
374	398	1
375	376	-1
375	399	-1
376	377	-1
376	400	2
377	378	2
377	401	1
378	379	1
378	402	2
379	380	-2
379	403	2
380	381	-2
380	404	-1
381	382	-2
381	405	1
382	383	2
382	406	2
383	407	-2
384	385	-2
384	407	-2
384	408	-1
385	386	-2
385	409	-2
386	387	2
386	410	-2
387	388	-1
387	411	-1
388	389	-1
388	412	2
389	390	2
389	413	2
390	391	-1
390	414	2
391	392	-1
391	415	-1
392	393	2
392	416	1
393	394	-1
393	417	-2
394	395	-2
394	418	1
395	396	1
395	419	-2
396	397	2
396	420	2
397	398	1
397	421	-1
398	399	-2
398	422	2
399	400	-2
399	423	1
400	401	2
400	424	2
401	402	-1
401	425	-2
402	403	-2
402	426	-1
403	404	-2
403	427	2
404	405	2
404	428	-2
405	406	2
405	429	1
406	407	-2
406	430	-2
407	431	1
408	409	1
408	431	-2
408	432	2
409	410	1
409	433	-2
410	411	-1
410	434	2
411	412	1
411	435	-1
412	413	2
412	436	1
413	414	2
413	437	-1
414	415	-2
414	438	-2
415	416	1
415	439	2
416	417	1
416	440	-2
417	418	-1
417	441	2
418	419	-2
418	442	1
419	420	1
419	443	-2
420	421	1
420	444	-2
421	422	-1
421	445	2
422	423	1
422	446	-2
423	424	2
423	447	2
424	425	1
424	448	-2
425	426	-2
425	449	-2
426	427	-1
426	450	1
427	428	2
427	451	-1
428	429	2
428	452	-2
429	430	1
429	453	-1
430	431	-1
430	454	1
431	455	1
432	433	-1
432	455	1
432	456	-1
433	434	2
433	457	2
434	435	-1
434	458	2
435	436	2
435	459	-1
436	437	2
436	460	2
437	438	-1
437	461	1
438	439	2
438	462	-1
439	440	1
439	463	2
440	441	1
440	464	-2
441	442	2
441	465	2
442	443	-2
442	466	1
443	444	-1
443	467	-1
444	445	1
444	468	-2
445	446	-1
445	469	2
446	447	1
446	470	1
447	448	1
447	471	1
448	449	-2
448	472	1
449	450	-2
449	473	-2
450	451	2
450	474	1
451	452	-1
451	475	1
452	453	1
452	476	2
453	454	2
453	477	-1
454	455	-1
454	478	-2
455	479	-2
456	457	-1
456	479	2
456	480	-1
457	458	2
457	481	1
458	459	-2
458	482	-2
459	460	2
459	483	1
460	461	-2
460	484	-1
461	462	1
461	485	2
462	463	2
462	486	1
463	464	2
463	487	-2
464	465	1
464	488	-2
465	466	-1
465	489	-2
466	467	-2
466	490	-2
467	468	1
467	491	-1
468	469	1
468	492	-2
469	470	1
469	493	-1
470	471	-1
470	494	2
471	472	2
471	495	-1
472	473	-2
472	496	-1
473	474	-1
473	497	2
474	475	-2
474	498	-1
475	476	-1
475	499	-1
476	477	1
476	500	1
477	478	2
477	501	1
478	479	1
478	502	2
479	503	2
480	481	-2
480	503	1
480	504	1
481	482	1
481	505	2
482	483	-1
482	506	-1
483	484	2
483	507	1
484	485	2
484	508	1
485	486	-1
485	509	-2
486	487	1
486	510	1
487	488	-1
487	511	1
488	489	1
488	512	-1
489	490	2
489	513	2
490	491	-1
490	514	-2
491	492	-1
491	515	-1
492	493	-1
492	516	-1
493	494	1
493	517	-1
494	495	-2
494	518	-2
495	496	-2
495	519	-1
496	497	-1
496	520	2
497	498	-1
497	521	-2
498	499	-2
498	522	-2
499	500	-1
499	523	-1
500	501	2
500	524	1
501	502	-2
501	525	2
502	503	-2
502	526	-1
503	527	1
504	505	1
504	527	-2
504	528	-1
505	506	-1
505	529	1
506	507	-1
506	530	2
507	508	1
507	531	2
508	509	2
508	532	-1
509	510	1
509	533	1
510	511	-1
510	534	2
511	512	-1
511	535	1
512	513	2
512	536	1
513	514	-1
513	537	-1
514	515	2
514	538	1
515	516	2
515	539	-1
516	517	1
516	540	-2
517	518	-2
517	541	2
518	519	1
518	542	1
519	520	1
519	543	-2
520	521	-1
520	544	-1
521	522	2
521	545	2
522	523	1
522	546	2
523	524	-2
523	547	2
524	525	-2
524	548	2
525	526	-1
525	549	-2
526	527	-1
526	550	1
527	551	2
528	529	-1
528	551	-1
528	552	2
529	530	2
529	553	-2
530	531	2
530	554	-2
531	532	2
531	555	-2
532	533	-1
532	556	-2
533	534	-2
533	557	-2
534	535	2
534	558	2
535	536	1
535	559	-1
536	537	-1
536	560	2
537	538	-1
537	561	1
538	539	1
538	562	-2
539	540	-2
539	563	2
540	541	-1
540	564	-1
541	542	2
541	565	2
542	543	-1
542	566	1
543	544	-1
543	567	1
544	545	-1
544	568	2
545	546	-1
545	569	-2
546	547	-1
546	570	-2
547	548	1
547	571	-1
548	549	-1
548	572	1
549	550	-1
549	573	1
550	551	2
550	574	2
551	575	-1
552	553	-1
552	575	2
553	554	1
554	555	-1
555	556	2
556	557	2
557	558	1
558	559	1
559	560	-1
560	561	2
561	562	1
562	563	1
563	564	-2
564	565	-2
565	566	-1
566	567	1
567	568	1
568	569	-2
569	570	2
570	571	2
571	572	2
572	573	1
573	574	1
574	575	2
