0	1	-2
0	23	-1
0	24	-1
0	552	-2
1	2	-2
1	25	-2
1	553	-1
2	3	2
2	26	1
2	554	1
3	4	2
3	27	1
3	555	1
4	5	-1
4	28	-2
4	556	1
5	6	1
5	29	2
5	557	1
6	7	1
6	30	-2
6	558	-1
7	8	-2
7	31	-2
7	559	-1
8	9	1
8	32	1
8	560	2
9	10	2
9	33	-2
9	561	1
10	11	-1
10	34	1
10	562	-1
11	12	-1
11	35	-2
11	563	2
12	13	1
12	36	1
12	564	-2
13	14	-2
13	37	-1
13	565	-1
14	15	-2
14	38	-2
14	566	2
15	16	-1
15	39	-2
15	567	-1
16	17	2
16	40	2
16	568	-1
17	18	-2
17	41	-1
17	569	-1
18	19	-1
18	42	-2
18	570	-1
19	20	1
19	43	-2
19	571	-2
20	21	-1
20	44	-1
20	572	2
21	22	2
21	45	1
21	573	-2
22	23	2
22	46	-2
22	574	2
23	47	1
23	575	-1
24	25	2
24	47	-1
24	48	1
25	26	-1
25	49	2
26	27	-2
26	50	1
27	28	1
27	51	-1
28	29	-2
28	52	1
29	30	-2
29	53	2
30	31	-1
30	54	-2
31	32	-2
31	55	2
32	33	2
32	56	-1
33	34	1
33	57	1
34	35	-2
34	58	1
35	36	2
35	59	1
36	37	1
36	60	-2
37	38	-2
37	61	-2
38	39	1
38	62	-1
39	40	-1
39	63	2
40	41	1
40	64	-2
41	42	-1
41	65	1
42	43	1
42	66	-1
43	44	1
43	67	1
44	45	-1
44	68	1
45	46	-1
45	69	2
46	47	1
46	70	-2
47	71	1
48	49	2
48	71	1
48	72	-2
49	50	2
49	73	2
50	51	2
50	74	1
51	52	2
51	75	1
52	53	2
52	76	2
53	54	-1
53	77	-1
54	55	-1
54	78	2
55	56	-1
55	79	1
56	57	1
56	80	2
57	58	-1
57	81	-2
58	59	2
58	82	-2
59	60	2
59	83	1
60	61	1
60	84	1
61	62	2
61	85	1
62	63	1
62	86	1
63	64	-1
63	87	-1
64	65	1
64	88	2
65	66	-2
65	89	2
66	67	-1
66	90	1
67	68	-1
67	91	-1
68	69	-1
68	92	-1
69	70	-1
69	93	2
70	71	-2
70	94	1
71	95	1
72	73	1
72	95	1
72	96	-1
73	74	-2
73	97	-1
74	75	-2
74	98	-1
75	76	-1
75	99	-2
76	77	1
76	100	1
77	78	-1
77	101	2
78	79	2
78	102	2
79	80	1
79	103	-1
80	81	2
80	104	2
81	82	-2
81	105	2
82	83	2
82	106	1
83	84	-1
83	107	2
84	85	-1
84	108	-1
85	86	-1
85	109	2
86	87	1
86	110	-1
87	88	2
87	111	2
88	89	-1
88	112	1
89	90	2
89	113	2
90	91	-1
90	114	-2
91	92	1
91	115	-1
92	93	-2
92	116	1
93	94	-2
93	117	2
94	95	2
94	118	2
95	119	1
96	97	1
96	119	1
96	120	2
97	98	2
97	121	2
98	99	1
98	122	1
99	100	-2
99	123	1
100	101	1
100	124	-2
101	102	1
101	125	-1
102	103	-2
102	126	2
103	104	1
103	127	-2
104	105	-1
104	128	1
105	106	1
105	129	1
106	107	-2
106	130	1
107	108	-1
107	131	2
108	109	-2
108	132	-2
109	110	-2
109	133	1
110	111	1
110	134	1
111	112	-1
111	135	-1
112	113	1
112	136	-1
113	114	1
113	137	-1
114	115	-2
114	138	-2
115	116	2
115	139	2
116	117	1
116	140	-1
117	118	1
117	141	1
118	119	-1
118	142	-2
119	143	2
120	121	-2
120	143	-2
120	144	-1
121	122	-1
121	145	-2
122	123	-1
122	146	2
123	124	2
123	147	1
124	125	-2
124	148	2
125	126	-1
125	149	-1
126	127	-1
126	150	-1
127	128	1
127	151	-2
128	129	1
128	152	-1
129	130	2
129	153	-1
130	131	1
130	154	1
131	132	2
131	155	1
132	133	-1
132	156	2
133	134	-2
133	157	-1
134	135	1
134	158	1
135	136	-2
135	159	-1
136	137	-1
136	160	1
137	138	-2
137	161	-2
138	139	-1
138	162	2
139	140	-2
139	163	2
140	141	2
140	164	1
141	142	1
141	165	2
142	143	-2
142	166	-1
143	167	-1
144	145	-1
144	167	2
144	168	-1
145	146	-2
145	169	1
146	147	-2
146	170	-1
147	148	-2
147	171	2
148	149	2
148	172	-2
149	150	1
149	173	2
150	151	1
150	174	1
151	152	-2
151	175	-1
152	153	2
152	176	1
153	154	1
153	177	-2
154	155	1
154	178	-1
155	156	-1
155	179	-1
156	157	2
156	180	-1
157	158	-2
157	181	-2
158	159	-1
158	182	1
159	160	-1
159	183	1
160	161	-1
160	184	1
161	162	-1
161	185	-1
162	163	1
162	186	-1
163	164	1
163	187	1
164	165	1
164	188	2
165	166	2
165	189	1
166	167	2
166	190	2
167	191	1
168	169	-1
168	191	-2
168	192	1
169	170	-1
169	193	-2
170	171	-2
170	194	-1
171	172	1
171	195	1
172	173	1
172	196	-2
173	174	2
173	197	1
174	175	1
174	198	-1
175	176	2
175	199	-2
176	177	1
176	200	2
177	178	2
177	201	1
178	179	-1
178	202	1
179	180	-2
179	203	1
180	181	-2
180	204	2
181	182	2
181	205	2
182	183	1
182	206	-1
183	184	-1
183	207	2
184	185	-1
184	208	-1
185	186	-2
185	209	2
186	187	1
186	210	1
187	188	-1
187	211	2
188	189	-1
188	212	1
189	190	1
189	213	1
190	191	-1
190	214	2
191	215	1
192	193	2
192	215	2
192	216	-2
193	194	2
193	217	1
194	195	2
194	218	-2
195	196	1
195	219	1
196	197	-2
196	220	1
197	198	2
197	221	-1
198	199	1
198	222	-2
199	200	1
199	223	-2
200	201	1
200	224	-2
201	202	-1
201	225	1
202	203	-2
202	226	1
203	204	1
203	227	-2
204	205	-2
204	228	-1
205	206	2
205	229	-1
206	207	2
206	230	1
207	208	-2
207	231	-2
208	209	-2
208	232	-1
209	210	1
209	233	-2
210	211	-1
210	234	-1
211	212	2
211	235	-1
212	213	2
212	236	2
213	214	-2
213	237	-1
214	215	-1
214	238	-2
215	239	-1
216	217	2
216	239	-2
216	240	2
217	218	-1
217	241	1
218	219	1
218	242	-2
219	220	1
219	243	1
220	221	-2
220	244	-1
221	222	1
221	245	-2
222	223	-1
222	246	1
223	224	1
223	247	2
224	225	2
224	248	-2
225	226	2
225	249	-2
226	227	-1
226	250	1
227	228	-2
227	251	-1
228	229	2
228	252	2
229	230	1
229	253	-2
230	231	2
230	254	-2
231	232	-1
231	255	-2
232	233	2
232	256	2
233	234	-2
233	257	-1
234	235	1
234	258	1
235	236	-2
235	259	2
236	237	2
236	260	-1
237	238	2
237	261	-1
238	239	1
238	262	1
239	263	1
240	241	2
240	263	2
240	264	1
241	242	-2
241	265	-2
242	243	1
242	266	1
243	244	1
243	267	-1
244	245	-2
244	268	1
245	246	2
245	269	-2
246	247	-2
246	270	1
247	248	2
247	271	2
248	249	1
248	272	2
249	250	1
249	273	-2
250	251	1
250	274	-1
251	252	-1
251	275	-1
252	253	1
252	276	-1
253	254	-1
253	277	1
254	255	1
254	278	2
255	256	-2
255	279	-1
256	257	1
256	280	-1
257	258	-2
257	281	1
258	259	1
258	282	-2
259	260	-1
259	283	1
260	261	-1
260	284	1
261	262	2
261	285	-2
262	263	-1
262	286	-1
263	287	-1
264	265	2
264	287	-1
264	288	-1
265	266	2
265	289	1
266	267	1
266	290	1
267	268	-1
267	291	2
268	269	-1
268	292	-2
269	270	1
269	293	-2
270	271	1
270	294	-2
271	272	-1
271	295	1
272	273	1
272	296	2
273	274	1
273	297	-1
274	275	-1
274	298	-1
275	276	-1
275	299	2
276	277	1
276	300	-2
277	278	-1
277	301	2
278	279	2
278	302	-2
279	280	1
279	303	2
280	281	1
280	304	-1
281	282	1
281	305	1
282	283	2
282	306	1
283	284	-1
283	307	2
284	285	-1
284	308	-2
285	286	1
285	309	-1
286	287	1
286	310	-1
287	311	-1
288	289	2
288	311	1
288	312	-1
289	290	-2
289	313	-1
290	291	-2
290	314	-1
291	292	-1
291	315	2
292	293	-1
292	316	1
293	294	-1
293	317	-1
294	295	1
294	318	-1
295	296	2
295	319	-1
296	297	-1
296	320	1
297	298	-1
297	321	2
298	299	-2
298	322	-1
299	300	-2
299	323	2
300	301	-2
300	324	-2
301	302	-1
301	325	-1
302	303	-2
302	326	2
303	304	2
303	327	-2
304	305	1
304	328	2
305	306	-2
305	329	2
306	307	2
306	330	-1
307	308	-1
307	331	2
308	309	1
308	332	-1
309	310	-1
309	333	1
310	311	-1
310	334	1
311	335	1
312	313	-2
312	335	-1
312	336	1
313	314	1
313	337	-2
314	315	-2
314	338	2
315	316	-1
315	339	-1
316	317	-1
316	340	1
317	318	1
317	341	1
318	319	-1
318	342	-2
319	320	1
319	343	1
320	321	2
320	344	1
321	322	1
321	345	1
322	323	-2
322	346	1
323	324	2
323	347	-1
324	325	1
324	348	-1
325	326	2
325	349	-1
326	327	-1
326	350	-1
327	328	-1
327	351	-2
328	329	-1
328	352	-2
329	330	-1
329	353	-1
330	331	1
330	354	-2
331	332	1
331	355	1
332	333	1
332	356	1
333	334	-1
333	357	-2
334	335	2
334	358	-1
335	359	-1
336	337	2
336	359	-2
336	360	2
337	338	1
337	361	1
338	339	2
338	362	1
339	340	-1
339	363	-2
340	341	1
340	364	-1
341	342	2
341	365	-1
342	343	-1
342	366	2
343	344	-1
343	367	-1
344	345	-1
344	368	2
345	346	-1
345	369	2
346	347	-2
346	370	2
347	348	-2
347	371	1
348	349	-1
348	372	-1
349	350	-1
349	373	-2
350	351	-1
350	374	1
351	352	1
351	375	-2
352	353	-2
352	376	-1
353	354	2
353	377	-1
354	355	-1
354	378	-1
355	356	-1
355	379	-2
356	357	-1
356	380	2
357	358	2
357	381	2
358	359	1
358	382	2
359	383	-1
360	361	-1
360	383	1
360	384	2
361	362	-1
361	385	2
362	363	2
362	386	-1
363	364	1
363	387	2
364	365	-2
364	388	-1
365	366	-1
365	389	-1
366	367	-2
366	390	1
367	368	-1
367	391	-1
368	369	1
368	392	-2
369	370	-2
369	393	2
370	371	1
370	394	2
371	372	1
371	395	2
372	373	2
372	396	-1
373	374	-2
373	397	-2
374	375	-1
374	398	-2
375	376	2
375	399	1
376	377	1
376	400	2
377	378	-1
377	401	-1
378	379	2
378	402	1
379	380	2
379	403	2
380	381	2
380	404	1
381	382	2
381	405	2
382	383	1
382	406	1
383	407	-2
384	385	1
384	407	1
384	408	-1
385	386	-1
385	409	1
386	387	2
386	410	1
387	388	2
387	411	1
388	389	2
388	412	1
389	390	-1
389	413	-2
390	391	2
390	414	1
391	392	1
391	415	1
392	393	2
392	416	-1
393	394	1
393	417	-1
394	395	-1
394	418	1
395	396	1
395	419	1
396	397	1
396	420	-1
397	398	1
397	421	1
398	399	2
398	422	-2
399	400	-1
399	423	1
400	401	2
400	424	-1
401	402	-1
401	425	1
402	403	2
402	426	-1
403	404	-2
403	427	2
404	405	1
404	428	2
405	406	-1
405	429	1
406	407	1
406	430	1
407	431	2
408	409	1
408	431	1
408	432	-2
409	410	-2
409	433	-1
410	411	-2
410	434	-1
411	412	1
411	435	-1
412	413	1
412	436	2
413	414	-2
413	437	-2
414	415	-2
414	438	-1
415	416	-2
415	439	1
416	417	-2
416	440	1
417	418	-2
417	441	2
418	419	1
418	442	-1
419	420	-1
419	443	1
420	421	1
420	444	1
421	422	1
421	445	-1
422	423	1
422	446	-2
423	424	-1
423	447	2
424	425	2
424	448	-1
425	426	-1
425	449	1
426	427	2
426	450	1
427	428	-1
427	451	-1
428	429	-2
428	452	2
429	430	2
429	453	-2
430	431	-2
430	454	1
431	455	-1
432	433	1
432	455	-2
432	456	-2
433	434	2
433	457	-2
434	435	1
434	458	1
435	436	1
435	459	-1
436	437	-2
436	460	1
437	438	1
437	461	-2
438	439	2
438	462	-1
439	440	2
439	463	2
440	441	-1
440	464	-1
441	442	-2
441	465	2
442	443	1
442	466	-1
443	444	1
443	467	-1
444	445	-1
444	468	-1
445	446	-2
445	469	2
446	447	-2
446	470	1
447	448	-2
447	471	1
448	449	2
448	472	2
449	450	1
449	473	1
450	451	1
450	474	2
451	452	-2
451	475	-1
452	453	1
452	476	1
453	454	1
453	477	-1
454	455	2
454	478	-1
455	479	-2
456	457	-1
456	479	-2
456	480	-1
457	458	1
457	481	-2
458	459	1
458	482	2
459	460	1
459	483	1
460	461	-1
460	484	2
461	462	2
461	485	1
462	463	2
462	486	1
463	464	-1
463	487	1
464	465	-2
464	488	1
465	466	1
465	489	2
466	467	-1
466	490	-1
467	468	1
467	491	-1
468	469	-2
468	492	1
469	470	-1
469	493	1
470	471	1
470	494	1
471	472	-1
471	495	1
472	473	-1
472	496	1
473	474	-1
473	497	-1
474	475	2
474	498	1
475	476	2
475	499	1
476	477	1
476	500	-2
477	478	-2
477	501	1
478	479	-2
478	502	-2
479	503	2
480	481	-1
480	503	-1
480	504	2
481	482	2
481	505	2
482	483	-1
482	506	-2
483	484	-2
483	507	1
484	485	2
484	508	-2
485	486	-1
485	509	-1
486	487	-2
486	510	2
487	488	1
487	511	2
488	489	-2
488	512	2
489	490	2
489	513	-1
490	491	1
490	514	1
491	492	2
491	515	-1
492	493	-1
492	516	2
493	494	1
493	517	1
494	495	-2
494	518	-2
495	496	1
495	519	-1
496	497	-1
496	520	2
497	498	-1
497	521	-2
498	499	-2
498	522	1
499	500	1
499	523	-2
500	501	-1
500	524	2
501	502	-1
501	525	2
502	503	-1
502	526	2
503	527	-1
504	505	1
504	527	1
504	528	2
505	506	-2
505	529	-1
506	507	-2
506	530	-2
507	508	1
507	531	-2
508	509	-1
508	532	-1
509	510	-1
509	533	-2
510	511	1
510	534	1
511	512	2
511	535	-1
512	513	-1
512	536	-1
513	514	-2
513	537	-2
514	515	1
514	538	-1
515	516	-2
515	539	-2
516	517	2
516	540	1
517	518	-1
517	541	1
518	519	1
518	542	-1
519	520	-2
519	543	1
520	521	-1
520	544	2
521	522	1
521	545	2
522	523	-2
522	546	2
523	524	1
523	547	-1
524	525	2
524	548	-1
525	526	1
525	549	-1
526	527	-2
526	550	2
527	551	2
528	529	-2
528	551	-1
528	552	-1
529	530	1
529	553	1
530	531	-2
530	554	2
531	532	-1
531	555	-2
532	533	2
532	556	-2
533	534	-1
533	557	-1
534	535	-2
534	558	2
535	536	-2
535	559	-2
536	537	-2
536	560	-2
537	538	1
537	561	-1
538	539	-1
538	562	1
539	540	-1
539	563	2
540	541	-1
540	564	-1
541	542	-2
541	565	2
542	543	2
542	566	2
543	544	2
543	567	1
544	545	2
544	568	-2
545	546	-1
545	569	-1
546	547	2
546	570	1
547	548	-2
547	571	1
548	549	2
548	572	-1
549	550	2
549	573	-2
550	551	-2
550	574	1
551	575	-1
552	553	-2
552	575	2
553	554	-1
554	555	-1
555	556	-2
556	557	-1
557	558	1
558	559	-1
559	560	-1
560	561	1
561	562	1
562	563	2
563	564	-2
564	565	-2
565	566	-1
566	567	-1
567	568	1
568	569	-1
569	570	1
570	571	-2
571	572	1
572	573	-1
573	574	1
574	575	-2
