0	1	2
0	23	-1
0	24	2
0	552	1
1	2	-1
1	25	1
1	553	2
2	3	-2
2	26	2
2	554	1
3	4	-1
3	27	-1
3	555	2
4	5	-2
4	28	-1
4	556	2
5	6	-1
5	29	-2
5	557	-1
6	7	-2
6	30	-2
6	558	-2
7	8	2
7	31	-2
7	559	1
8	9	1
8	32	-1
8	560	1
9	10	1
9	33	1
9	561	-2
10	11	1
10	34	-1
10	562	-1
11	12	1
11	35	2
11	563	-2
12	13	-1
12	36	-2
12	564	-1
13	14	-1
13	37	2
13	565	1
14	15	1
14	38	1
14	566	1
15	16	2
15	39	-1
15	567	-1
16	17	2
16	40	2
16	568	-2
17	18	-1
17	41	-1
17	569	2
18	19	2
18	42	-1
18	570	-2
19	20	-2
19	43	1
19	571	-1
20	21	1
20	44	1
20	572	1
21	22	-1
21	45	-2
21	573	1
22	23	1
22	46	-2
22	574	-1
23	47	2
23	575	-2
24	25	-2
24	47	2
24	48	1
25	26	-2
25	49	2
26	27	-1
26	50	-2
27	28	2
27	51	1
28	29	1
28	52	2
29	30	1
29	53	2
30	31	1
30	54	2
31	32	-2
31	55	-1
32	33	1
32	56	2
33	34	2
33	57	1
34	35	2
34	58	2
35	36	-2
35	59	2
36	37	-2
36	60	1
37	38	-1
37	61	-1
38	39	1
38	62	2
39	40	-1
39	63	1
40	41	1
40	64	-1
41	42	-1
41	65	1
42	43	1
42	66	-1
43	44	-1
43	67	-1
44	45	2
44	68	1
45	46	-2
45	69	-2
46	47	1
46	70	-1
47	71	2
48	49	-1
48	71	-2
48	72	2
49	50	-1
49	73	-2
50	51	2
50	74	-2
51	52	-1
51	75	1
52	53	-1
52	76	-2
53	54	-2
53	77	-2
54	55	-2
54	78	-2
55	56	-1
55	79	-1
56	57	-1
56	80	1
57	58	-1
57	81	-1
58	59	-1
58	82	-2
59	60	2
59	83	-2
60	61	1
60	84	1
61	62	-2
61	85	2
62	63	-1
62	86	-1
63	64	-1
63	87	2
64	65	1
64	88	2
65	66	-1
65	89	2
66	67	1
66	90	-1
67	68	-1
67	91	1
68	69	1
68	92	1
69	70	2
69	93	-2
70	71	1
70	94	-1
71	95	-1
72	73	-2
72	95	-2
72	96	1
73	74	-1
73	97	2
74	75	2
74	98	-2
75	76	-1
75	99	1
76	77	1
76	100	2
77	78	-2
77	101	2
78	79	2
78	102	-1
79	80	-1
79	103	-1
80	81	-1
80	104	2
81	82	1
81	105	-1
82	83	1
82	106	-1
83	84	2
83	107	1
84	85	-2
84	108	-2
85	86	1
85	109	-2
86	87	-1
86	110	1
87	88	2
87	111	-1
88	89	-1
88	112	2
89	90	2
89	113	1
90	91	2
90	114	-2
91	92	-1
91	115	2
92	93	2
92	116	-2
93	94	2
93	117	1
94	95	-1
94	118	-1
95	119	-2
96	97	1
96	119	-1
96	120	1
97	98	-1
97	121	2
98	99	1
98	122	1
99	100	2
99	123	-1
100	101	-1
100	124	-2
101	102	-2
101	125	2
102	103	-1
102	126	1
103	104	-2
103	127	-1
104	105	1
104	128	-1
105	106	-1
105	129	1
106	107	2
106	130	-1
107	108	2
107	131	-2
108	109	1
108	132	-2
109	110	1
109	133	2
110	111	2
110	134	2
111	112	1
111	135	1
112	113	1
112	136	-1
113	114	1
113	137	2
114	115	-2
114	138	-1
115	116	-1
115	139	2
116	117	-1
116	140	1
117	118	2
117	141	1
118	119	2
118	142	1
119	143	1
120	121	-2
120	143	-2
120	144	2
121	122	-1
121	145	-2
122	123	1
122	146	2
123	124	-1
123	147	2
124	125	-1
124	148	2
125	126	-1
125	149	1
126	127	-1
126	150	-1
127	128	1
127	151	2
128	129	2
128	152	1
129	130	1
129	153	-2
130	131	-1
130	154	2
131	132	1
131	155	2
132	133	1
132	156	1
133	134	1
133	157	1
134	135	-2
134	158	-2
135	136	1
135	159	1
136	137	1
136	160	-1
137	138	-2
137	161	2
138	139	-2
138	162	-2
139	140	-2
139	163	1
140	141	1
140	164	2
141	142	1
141	165	1
142	143	-1
142	166	1
143	167	1
144	145	-1
144	167	2
144	168	1
145	146	-1
145	169	-1
146	147	1
146	170	1
147	148	2
147	171	2
148	149	1
148	172	1
149	150	-1
149	173	-1
150	151	1
150	174	-2
151	152	-2
151	175	2
152	153	-1
152	176	-1
153	154	2
153	177	-1
154	155	-1
154	178	1
155	156	-2
155	179	1
156	157	-2
156	180	1
157	158	2
157	181	2
158	159	2
158	182	-1
159	160	1
159	183	1
160	161	-2
160	184	1
161	162	-1
161	185	-2
162	163	1
162	186	-1
163	164	2
163	187	-1
164	165	-1
164	188	1
165	166	-1
165	189	1
166	167	-1
166	190	2
167	191	-1
168	169	-1
168	191	-1
168	192	-1
169	170	-2
169	193	1
170	171	-2
170	194	1
171	172	2
171	195	-2
172	173	1
172	196	1
173	174	1
173	197	-2
174	175	1
174	198	-1
175	176	2
175	199	-2
176	177	1
176	200	2
177	178	1
177	201	2
178	179	1
178	202	-2
179	180	1
179	203	1
180	181	1
180	204	1
181	182	-2
181	205	1
182	183	1
182	206	-2
183	184	2
183	207	1
184	185	-2
184	208	1
185	186	2
185	209	1
186	187	-1
186	210	-2
187	188	-1
187	211	1
188	189	1
188	212	1
189	190	-2
189	213	-2
190	191	-2
190	214	1
191	215	-2
192	193	-2
192	215	1
192	216	1
193	194	1
193	217	1
194	195	2
194	218	-1
195	196	2
195	219	-1
196	197	-1
196	220	-2
197	198	-2
197	221	-2
198	199	1
198	222	1
199	200	1
199	223	2
200	201	1
200	224	1
201	202	1
201	225	1
202	203	-2
202	226	-1
203	204	-2
203	227	-2
204	205	-1
204	228	-2
205	206	-1
205	229	1
206	207	1
206	230	2
207	208	-2
207	231	-2
208	209	-2
208	232	2
209	210	1
209	233	-1
210	211	-1
210	234	-2
211	212	1
211	235	2
212	213	-1
212	236	1
213	214	-1
213	237	2
214	215	2
214	238	-1
215	239	-2
216	217	2
216	239	-2
216	240	2
217	218	1
217	241	2
218	219	-2
218	242	2
219	220	-2
219	243	1
220	221	2
220	244	2
221	222	1
221	245	-1
222	223	-2
222	246	2
223	224	-2
223	247	1
224	225	-1
224	248	-2
225	226	2
225	249	1
226	227	1
226	250	-1
227	228	-2
227	251	-1
228	229	-2
228	252	-1
229	230	2
229	253	1
230	231	1
230	254	2
231	232	-1
231	255	-1
232	233	-1
232	256	-1
233	234	-1
233	257	1
234	235	-1
234	258	1
235	236	1
235	259	2
236	237	1
236	260	2
237	238	2
237	261	-1
238	239	-1
238	262	1
239	263	-1
240	241	2
240	263	-1
240	264	2
241	242	-2
241	265	-1
242	243	-1
242	266	1
243	244	2
243	267	-1
244	245	1
244	268	-2
245	246	2
245	269	2
246	247	1
246	270	-1
247	248	-1
247	271	-1
248	249	2
248	272	1
249	250	2
249	273	-2
250	251	1
250	274	-1
251	252	2
251	275	1
252	253	-1
252	276	-2
253	254	-2
253	277	1
254	255	1
254	278	-2
255	256	1
255	279	-2
256	257	1
256	280	1
257	258	1
257	281	1
258	259	1
258	282	-1
259	260	-1
259	283	-2
260	261	-1
260	284	1
261	262	2
261	285	1
262	263	-1
262	286	-2
263	287	1
264	265	2
264	287	2
264	288	-2
265	266	-2
265	289	-2
266	267	-1
266	290	1
267	268	1
267	291	1
268	269	1
268	292	1
269	270	-2
269	293	2
270	271	-1
270	294	1
271	272	1
271	295	2
272	273	1
272	296	-2
273	274	-1
273	297	-1
274	275	1
274	298	-2
275	276	1
275	299	2
276	277	-2
276	300	-1
277	278	-1
277	301	1
278	279	-1
278	302	1
279	280	1
279	303	-1
280	281	-1
280	304	-2
281	282	-1
281	305	1
282	283	-1
282	306	1
283	284	-1
283	307	-2
284	285	1
284	308	1
285	286	-2
285	309	-1
286	287	-2
286	310	-1
287	311	1
288	289	2
288	311	2
288	312	1
289	290	-2
289	313	2
290	291	1
290	314	-1
291	292	-1
291	315	-1
292	293	-1
292	316	-2
293	294	1
293	317	1
294	295	2
294	318	-1
295	296	2
295	319	-2
296	297	-1
296	320	-1
297	298	2
297	321	2
298	299	-2
298	322	-1
299	300	2
299	323	-2
300	301	1
300	324	2
301	302	1
301	325	2
302	303	-1
302	326	-2
303	304	-2
303	327	-1
304	305	-2
304	328	-2
305	306	1
305	329	1
306	307	1
306	330	-1
307	308	-2
307	331	1
308	309	1
308	332	-2
309	310	2
309	333	-1
310	311	-1
310	334	-1
311	335	2
312	313	-1
312	335	-1
312	336	1
313	314	-2
313	337	-1
314	315	-1
314	338	-1
315	316	1
315	339	1
316	317	-2
316	340	1
317	318	-2
317	341	-2
318	319	-1
318	342	1
319	320	2
319	343	-1
320	321	-2
320	344	-2
321	322	2
321	345	-2
322	323	1
322	346	1
323	324	1
323	347	-2
324	325	-1
324	348	1
325	326	2
325	349	2
326	327	2
326	350	2
327	328	-1
327	351	1
328	329	-2
328	352	1
329	330	-1
329	353	-1
330	331	2
330	354	1
331	332	-1
331	355	2
332	333	-2
332	356	-2
333	334	-1
333	357	-1
334	335	-2
334	358	-1
335	359	-1
336	337	1
336	359	-1
336	360	2
337	338	2
337	361	1
338	339	-2
338	362	2
339	340	-1
339	363	1
340	341	2
340	364	-2
341	342	-2
341	365	-2
342	343	1
342	366	-2
343	344	-1
343	367	2
344	345	-2
344	368	2
345	346	1
345	369	1
346	347	-1
346	370	-1
347	348	2
347	371	2
348	349	-2
348	372	-1
349	350	-1
349	373	-2
350	351	1
350	374	1
351	352	1
351	375	-2
352	353	-1
352	376	-1
353	354	-1
353	377	1
354	355	-1
354	378	2
355	356	-2
355	379	-2
356	357	2
356	380	1
357	358	1
357	381	1
358	359	-1
358	382	1
359	383	-2
360	361	-2
360	383	-1
360	384	-2
361	362	-1
361	385	-2
362	363	1
362	386	-1
363	364	-1
363	387	-2
364	365	-1
364	388	2
365	366	-2
365	389	2
366	367	1
366	390	-2
367	368	-2
367	391	1
368	369	2
368	392	1
369	370	-1
369	393	-1
370	371	-2
370	394	-2
371	372	-1
371	395	-2
372	373	2
372	396	-2
373	374	2
373	397	-1
374	375	2
374	398	1
375	376	1
375	399	-1
376	377	-1
376	400	2
377	378	-1
377	401	1
378	379	-1
378	402	2
379	380	2
379	403	1
380	381	-2
380	404	1
381	382	-2
381	405	-1
382	383	-1
382	406	1
383	407	-2
384	385	1
384	407	2
384	408	2
385	386	1
385	409	2
386	387	1
386	410	-1
387	388	-2
387	411	-2
388	389	2
388	412	2
389	390	-1
389	413	1
390	391	2
390	414	1
391	392	2
391	415	1
392	393	2
392	416	-2
393	394	2
393	417	-1
394	395	1
394	418	-2
395	396	2
395	419	-2
396	397	-1
396	420	-2
397	398	2
397	421	2
398	399	-1
398	422	-1
399	400	2
399	423	-1
400	401	2
400	424	-1
401	402	2
401	425	-2
402	403	2
402	426	2
403	404	-2
403	427	-2
404	405	-2
404	428	2
405	406	-2
405	429	-1
406	407	1
406	430	2
407	431	-1
408	409	-1
408	431	-1
408	432	-2
409	410	1
409	433	1
410	411	-2
410	434	1
411	412	1
411	435	2
412	413	-2
412	436	-2
413	414	2
413	437	-2
414	415	-2
414	438	-2
415	416	-1
415	439	1
416	417	-1
416	440	2
417	418	-2
417	441	1
418	419	-2
418	442	2
419	420	2
419	443	-2
420	421	-2
420	444	-1
421	422	-1
421	445	1
422	423	1
422	446	1
423	424	1
423	447	-2
424	425	-2
424	448	-1
425	426	1
425	449	2
426	427	1
426	450	2
427	428	1
427	451	1
428	429	-1
428	452	-1
429	430	2
429	453	-2
430	431	2
430	454	2
431	455	1
432	433	1
432	455	-2
432	456	-2
433	434	-1
433	457	-1
434	435	1
434	458	1
435	436	1
435	459	-1
436	437	1
436	460	-2
437	438	-1
437	461	-2
438	439	-2
438	462	-1
439	440	2
439	463	-2
440	441	-1
440	464	-1
441	442	1
441	465	-1
442	443	1
442	466	1
443	444	-1
443	467	2
444	445	-2
444	468	2
445	446	1
445	469	1
446	447	-1
446	470	1
447	448	-1
447	471	-1
448	449	-2
448	472	2
449	450	-2
449	473	-1
450	451	2
450	474	1
451	452	1
451	475	1
452	453	2
452	476	1
453	454	1
453	477	-1
454	455	-2
454	478	-1
455	479	-2
456	457	-2
456	479	-1
456	480	1
457	458	1
457	481	-1
458	459	1
458	482	-1
459	460	-2
459	483	-2
460	461	-2
460	484	-1
461	462	-2
461	485	1
462	463	1
462	486	1
463	464	2
463	487	-1
464	465	1
464	488	2
465	466	1
465	489	-1
466	467	-2
466	490	-1
467	468	1
467	491	-1
468	469	1
468	492	1
469	470	2
469	493	1
470	471	-1
470	494	-2
471	472	1
471	495	-2
472	473	-1
472	496	1
473	474	1
473	497	1
474	475	-1
474	498	2
475	476	1
475	499	-2
476	477	1
476	500	-2
477	478	-2
477	501	2
478	479	1
478	502	1
479	503	-1
480	481	-2
480	503	-1
480	504	1
481	482	-1
481	505	-1
482	483	-1
482	506	-1
483	484	1
483	507	1
484	485	-1
484	508	-1
485	486	1
485	509	-1
486	487	2
486	510	2
487	488	1
487	511	1
488	489	1
488	512	2
489	490	-1
489	513	2
490	491	-2
490	514	1
491	492	2
491	515	-1
492	493	-2
492	516	2
493	494	1
493	517	-2
494	495	-2
494	518	-2
495	496	2
495	519	-1
496	497	-2
496	520	1
497	498	-2
497	521	-1
498	499	-2
498	522	-1
499	500	-2
499	523	2
500	501	-1
500	524	1
501	502	1
501	525	-1
502	503	-1
502	526	2
503	527	1
504	505	-2
504	527	1
504	528	-2
505	506	-1
505	529	-2
506	507	-1
506	530	1
507	508	-1
507	531	1
508	509	2
508	532	1
509	510	1
509	533	2
510	511	-1
510	534	1
511	512	2
511	535	1
512	513	-2
512	536	-2
513	514	2
513	537	1
514	515	-2
514	538	-2
515	516	-1
515	539	-1
516	517	-1
516	540	1
517	518	-1
517	541	-2
518	519	1
518	542	1
519	520	-1
519	543	2
520	521	-1
520	544	1
521	522	-1
521	545	-1
522	523	-1
522	546	-1
523	524	1
523	547	-2
524	525	-1
524	548	2
525	526	-1
525	549	1
526	527	2
526	550	1
527	551	1
528	529	1
528	551	2
528	552	-1
529	530	-2
529	553	1
530	531	1
530	554	1
531	532	1
531	555	2
532	533	1
532	556	-2
533	534	-2
533	557	1
534	535	1
534	558	-2
535	536	1
535	559	2
536	537	-2
536	560	2
537	538	1
537	561	1
538	539	2
538	562	1
539	540	-1
539	563	1
540	541	-2
540	564	-1
541	542	-2
541	565	1
542	543	-1
542	566	2
543	544	1
543	567	-2
544	545	1
544	568	-1
545	546	1
545	569	-2
546	547	-2
546	570	-1
547	548	2
547	571	-2
548	549	-1
548	572	2
549	550	1
549	573	2
550	551	2
550	574	1
551	575	2
552	553	1
552	575	-2
553	554	2
554	555	-1
555	556	1
556	557	1
557	558	1
558	559	2
559	560	-2
560	561	2
561	562	-2
562	563	-2
563	564	-2
564	565	-1
565	566	1
566	567	-2
567	568	-1
568	569	-2
569	570	-2
570	571	1
571	572	-2
572	573	1
573	574	-1
574	575	-1
