0	1	2
0	23	1
0	24	2
0	552	-1
1	2	1
1	25	2
1	553	-1
2	3	2
2	26	2
2	554	-1
3	4	2
3	27	1
3	555	1
4	5	-1
4	28	-1
4	556	-2
5	6	-2
5	29	1
5	557	2
6	7	-1
6	30	1
6	558	1
7	8	-1
7	31	-2
7	559	1
8	9	-1
8	32	1
8	560	1
9	10	2
9	33	-1
9	561	1
10	11	-1
10	34	1
10	562	-1
11	12	-1
11	35	1
11	563	-1
12	13	-1
12	36	-2
12	564	-1
13	14	-2
13	37	2
13	565	1
14	15	-1
14	38	-1
14	566	-1
15	16	2
15	39	-1
15	567	1
16	17	2
16	40	1
16	568	2
17	18	1
17	41	-1
17	569	1
18	19	-1
18	42	1
18	570	1
19	20	-1
19	43	1
19	571	1
20	21	1
20	44	-1
20	572	1
21	22	1
21	45	-2
21	573	1
22	23	1
22	46	1
22	574	1
23	47	1
23	575	1
24	25	-1
24	47	-2
24	48	2
25	26	2
25	49	2
26	27	-2
26	50	-1
27	28	1
27	51	1
28	29	-1
28	52	-1
29	30	1
29	53	-1
30	31	-2
30	54	-2
31	32	-1
31	55	1
32	33	-1
32	56	-1
33	34	2
33	57	-2
34	35	1
34	58	1
35	36	-1
35	59	-1
36	37	-1
36	60	2
37	38	-1
37	61	-1
38	39	1
38	62	2
39	40	-2
39	63	-2
40	41	2
40	64	2
41	42	2
41	65	-1
42	43	1
42	66	-2
43	44	1
43	67	-1
44	45	-2
44	68	-1
45	46	1
45	69	-1
46	47	-1
46	70	1
47	71	-2
48	49	1
48	71	-1
48	72	1
49	50	1
49	73	1
50	51	-1
50	74	-1
51	52	1
51	75	-2
52	53	2
52	76	-2
53	54	-1
53	77	1
54	55	-1
54	78	-1
55	56	-1
55	79	-1
56	57	-1
56	80	-2
57	58	2
57	81	2
58	59	-1
58	82	-1
59	60	-2
59	83	-2
60	61	-1
60	84	1
61	62	-2
61	85	-1
62	63	-2
62	86	2
63	64	-1
63	87	1
64	65	-2
64	88	-2
65	66	-1
65	89	-1
66	67	2
66	90	-2
67	68	-1
67	91	1
68	69	2
68	92	-1
69	70	1
69	93	1
70	71	1
70	94	2
71	95	-1
72	73	-1
72	95	-1
72	96	2
73	74	-1
73	97	1
74	75	2
74	98	-1
75	76	-1
75	99	1
76	77	2
76	100	1
77	78	-1
77	101	1
78	79	1
78	102	-1
79	80	-1
79	103	-1
80	81	-1
80	104	2
81	82	-1
81	105	-1
82	83	2
82	106	-2
83	84	-1
83	107	1
84	85	-1
84	108	-1
85	86	2
85	109	-2
86	87	1
86	110	-1
87	88	1
87	111	1
88	89	1
88	112	1
89	90	-1
89	113	1
90	91	1
90	114	1
91	92	-1
91	115	-1
92	93	2
92	116	-2
93	94	1
93	117	1
94	95	2
94	118	-1
95	119	2
96	97	2
96	119	2
96	120	-2
97	98	-1
97	121	1
98	99	-1
98	122	-1
99	100	1
99	123	-1
100	101	2
100	124	-1
101	102	-1
101	125	-2
102	103	2
102	126	2
103	104	-2
103	127	-1
104	105	-2
104	128	-1
105	106	2
105	129	-2
106	107	-1
106	130	-1
107	108	-1
107	131	-1
108	109	-2
108	132	-1
109	110	-2
109	133	2
110	111	1
110	134	-2
111	112	-1
111	135	-1
112	113	1
112	136	1
113	114	1
113	137	2
114	115	-2
114	138	-2
115	116	1
115	139	1
116	117	-1
116	140	-2
117	118	1
117	141	-1
118	119	1
118	142	-1
119	143	2
120	121	1
120	143	-1
120	144	1
121	122	-2
121	145	-1
122	123	1
122	146	2
123	124	-2
123	147	-2
124	125	-1
124	148	-1
125	126	1
125	149	-1
126	127	2
126	150	1
127	128	-2
127	151	1
128	129	2
128	152	-1
129	130	2
129	153	-1
130	131	1
130	154	-1
131	132	1
131	155	2
132	133	-1
132	156	-1
133	134	2
133	157	-2
134	135	-2
134	158	2
135	136	1
135	159	-1
136	137	-2
136	160	1
137	138	-2
137	161	-2
138	139	-1
138	162	1
139	140	2
139	163	-1
140	141	1
140	164	1
141	142	-1
141	165	-2
142	143	1
142	166	2
143	167	-1
144	145	2
144	167	-1
144	168	1
145	146	-2
145	169	-2
146	147	2
146	170	-1
147	148	1
147	171	1
148	149	-1
148	172	-1
149	150	1
149	173	-1
150	151	2
150	174	1
151	152	-2
151	175	1
152	153	1
152	176	1
153	154	-2
153	177	1
154	155	-1
154	178	2
155	156	2
155	179	-1
156	157	-1
156	180	1
157	158	1
157	181	-1
158	159	1
158	182	1
159	160	1
159	183	1
160	161	2
160	184	-2
161	162	-2
161	185	1
162	163	-2
162	186	-1
163	164	2
163	187	-2
164	165	-1
164	188	2
165	166	-1
165	189	-2
166	167	2
166	190	2
167	191	2
168	169	2
168	191	-1
168	192	2
169	170	-1
169	193	2
170	171	1
170	194	-2
171	172	-2
171	195	-1
172	173	1
172	196	2
173	174	-1
173	197	-1
174	175	-2
174	198	-2
175	176	-1
175	199	1
176	177	-1
176	200	1
177	178	1
177	201	2
178	179	-2
178	202	-2
179	180	2
179	203	1
180	181	-1
180	204	-2
181	182	-1
181	205	1
182	183	-1
182	206	1
183	184	2
183	207	1
184	185	1
184	208	-1
185	186	1
185	209	-1
186	187	1
186	210	-2
187	188	-2
187	211	-2
188	189	-2
188	212	-2
189	190	1
189	213	2
190	191	-1
190	214	-1
191	215	2
192	193	-1
192	215	2
192	216	2
193	194	-2
193	217	-1
194	195	1
194	218	-1
195	196	-2
195	219	2
196	197	-1
196	220	-2
197	198	1
197	221	2
198	199	1
198	222	-1
199	200	1
199	223	2
200	201	2
200	224	-1
201	202	1
201	225	-1
202	203	-2
202	226	-1
203	204	2
203	227	2
204	205	-1
204	228	2
205	206	1
205	229	-1
206	207	-2
206	230	2
207	208	1
207	231	2
208	209	2
208	232	1
209	210	-2
209	233	2
210	211	-2
210	234	1
211	212	1
211	235	2
212	213	1
212	236	-1
213	214	2
213	237	1
214	215	1
214	238	1
215	239	-2
216	217	-2
216	239	-1
216	240	-1
217	218	-2
217	241	-2
218	219	2
218	242	-1
219	220	1
219	243	1
220	221	-2
220	244	2
221	222	-1
221	245	2
222	223	2
222	246	2
223	224	-1
223	247	1
224	225	-2
224	248	1
225	226	-1
225	249	1
226	227	-2
226	250	1
227	228	-1
227	251	-2
228	229	-2
228	252	-1
229	230	1
229	253	-1
230	231	1
230	254	-1
231	232	-2
231	255	1
232	233	-1
232	256	-1
233	234	1
233	257	1
234	235	1
234	258	-1
235	236	-2
235	259	1
236	237	1
236	260	-2
237	238	-1
237	261	2
238	239	1
238	262	-1
239	263	-1
240	241	-1
240	263	1
240	264	2
241	242	2
241	265	1
242	243	-1
242	266	1
243	244	-1
243	267	1
244	245	-1
244	268	-2
245	246	1
245	269	-1
246	247	1
246	270	-1
247	248	2
247	271	2
248	249	1
248	272	1
249	250	1
249	273	-1
250	251	-1
250	274	1
251	252	2
251	275	-2
252	253	2
252	276	-1
253	254	-1
253	277	-1
254	255	-1
254	278	-1
255	256	-1
255	279	-1
256	257	2
256	280	1
257	258	1
257	281	2
258	259	-1
258	282	-2
259	260	-1
259	283	-2
260	261	1
260	284	-2
261	262	-2
261	285	-2
262	263	-2
262	286	2
263	287	-1
264	265	1
264	287	-2
264	288	-2
265	266	-1
265	289	-1
266	267	1
266	290	1
267	268	-1
267	291	1
268	269	2
268	292	-1
269	270	1
269	293	2
270	271	2
270	294	1
271	272	2
271	295	2
272	273	1
272	296	1
273	274	-2
273	297	-1
274	275	-2
274	298	1
275	276	2
275	299	1
276	277	-1
276	300	-1
277	278	2
277	301	-2
278	279	1
278	302	-1
279	280	1
279	303	-2
280	281	-1
280	304	1
281	282	-1
281	305	1
282	283	2
282	306	-2
283	284	-1
283	307	-1
284	285	-1
284	308	2
285	286	2
285	309	1
286	287	-2
286	310	2
287	311	1
288	289	1
288	311	-2
288	312	-2
289	290	-1
289	313	2
290	291	-1
290	314	2
291	292	-1
291	315	1
292	293	-2
292	316	1
293	294	-2
293	317	2
294	295	2
294	318	1
295	296	-1
295	319	-1
296	297	1
296	320	1
297	298	-2
297	321	1
298	299	-2
298	322	1
299	300	2
299	323	1
300	301	-2
300	324	1
301	302	-1
301	325	-2
302	303	1
302	326	2
303	304	2
303	327	-2
304	305	2
304	328	-1
305	306	-1
305	329	-2
306	307	2
306	330	-1
307	308	-2
307	331	1
308	309	-2
308	332	1
309	310	-1
309	333	2
310	311	2
310	334	-2
311	335	-1
312	313	1
312	335	-1
312	336	2
313	314	-1
313	337	2
314	315	2
314	338	2
315	316	-1
315	339	2
316	317	1
316	340	-2
317	318	1
317	341	2
318	319	2
318	342	-1
319	320	2
319	343	-2
320	321	-1
320	344	-1
321	322	1
321	345	1
322	323	2
322	346	1
323	324	1
323	347	2
324	325	-1
324	348	-2
325	326	-2
325	349	1
326	327	1
326	350	1
327	328	-2
327	351	1
328	329	-2
328	352	-2
329	330	1
329	353	-1
330	331	2
330	354	-1
331	332	-1
331	355	-1
332	333	2
332	356	1
333	334	-1
333	357	2
334	335	-2
334	358	1
335	359	1
336	337	-1
336	359	1
336	360	-2
337	338	1
337	361	1
338	339	1
338	362	2
339	340	-1
339	363	-2
340	341	-2
340	364	1
341	342	2
341	365	-2
342	343	2
342	366	-2
343	344	-2
343	367	1
344	345	2
344	368	2
345	346	-1
345	369	2
346	347	2
346	370	2
347	348	2
347	371	1
348	349	-2
348	372	1
349	350	1
349	373	-2
350	351	1
350	374	-2
351	352	-1
351	375	-2
352	353	-1
352	376	1
353	354	-1
353	377	-1
354	355	2
354	378	1
355	356	-1
355	379	1
356	357	1
356	380	-1
357	358	2
357	381	1
358	359	2
358	382	-2
359	383	-1
360	361	-2
360	383	-1
360	384	1
361	362	-2
361	385	1
362	363	1
362	386	2
363	364	-1
363	387	-2
364	365	-2
364	388	1
365	366	1
365	389	-2
366	367	1
366	390	-1
367	368	-1
367	391	-1
368	369	-1
368	392	2
369	370	-1
369	393	-1
370	371	-2
370	394	1
371	372	-1
371	395	-1
372	373	-1
372	396	2
373	374	-2
373	397	-1
374	375	-1
374	398	-1
375	376	1
375	399	1
376	377	-1
376	400	-1
377	378	2
377	401	2
378	379	-2
378	402	1
379	380	-1
379	403	1
380	381	1
380	404	1
381	382	-1
381	405	2
382	383	-1
382	406	-1
383	407	1
384	385	-1
384	407	1
384	408	1
385	386	1
385	409	-2
386	387	2
386	410	1
387	388	-1
387	411	-2
388	389	1
388	412	2
389	390	-2
389	413	-1
390	391	-2
390	414	-2
391	392	-1
391	415	2
392	393	2
392	416	1
393	394	-1
393	417	2
394	395	-1
394	418	1
395	396	-2
395	419	-2
396	397	1
396	420	-2
397	398	2
397	421	-2
398	399	-1
398	422	2
399	400	2
399	423	-2
400	401	-2
400	424	-1
401	402	-2
401	425	1
402	403	2
402	426	-1
403	404	1
403	427	1
404	405	1
404	428	1
405	406	-1
405	429	-1
406	407	2
406	430	-2
407	431	-1
408	409	-1
408	431	1
408	432	1
409	410	2
409	433	1
410	411	2
410	434	2
411	412	-1
411	435	-2
412	413	2
412	436	2
413	414	2
413	437	-1
414	415	-1
414	438	-2
415	416	1
415	439	1
416	417	-1
416	440	-2
417	418	-2
417	441	1
418	419	-2
418	442	2
419	420	-2
419	443	1
420	421	-1
420	444	-1
421	422	-1
421	445	-1
422	423	-1
422	446	1
423	424	2
423	447	1
424	425	-2
424	448	-1
425	426	1
425	449	1
426	427	2
426	450	-2
427	428	-1
427	451	-1
428	429	1
428	452	1
429	430	-1
429	453	-1
430	431	-2
430	454	1
431	455	-2
432	433	-1
432	455	1
432	456	-1
433	434	-1
433	457	-1
434	435	1
434	458	2
435	436	-2
435	459	1
436	437	-1
436	460	-1
437	438	-2
437	461	-2
438	439	-2
438	462	-2
439	440	2
439	463	1
440	441	2
440	464	1
441	442	2
441	465	-1
442	443	2
442	466	-2
443	444	-1
443	467	-2
444	445	-1
444	468	2
445	446	-1
445	469	-1
446	447	1
446	470	-2
447	448	2
447	471	2
448	449	-1
448	472	-1
449	450	2
449	473	-1
450	451	2
450	474	-1
451	452	-1
451	475	1
452	453	2
452	476	-2
453	454	-1
453	477	1
454	455	1
454	478	-2
455	479	-2
456	457	1
456	479	-1
456	480	-1
457	458	1
457	481	1
458	459	-1
458	482	1
459	460	-1
459	483	-2
460	461	2
460	484	-2
461	462	-1
461	485	2
462	463	-2
462	486	-2
463	464	-2
463	487	-2
464	465	2
464	488	-1
465	466	-1
465	489	2
466	467	-1
466	490	1
467	468	-1
467	491	-2
468	469	-2
468	492	-2
469	470	2
469	493	2
470	471	1
470	494	1
471	472	1
471	495	2
472	473	1
472	496	1
473	474	-2
473	497	1
474	475	2
474	498	1
475	476	-1
475	499	2
476	477	2
476	500	-2
477	478	2
477	501	-2
478	479	-1
478	502	2
479	503	-1
480	481	2
480	503	1
480	504	2
481	482	-1
481	505	2
482	483	1
482	506	2
483	484	1
483	507	2
484	485	1
484	508	-2
485	486	-1
485	509	-2
486	487	-1
486	510	1
487	488	2
487	511	-1
488	489	-1
488	512	-1
489	490	1
489	513	-1
490	491	-1
490	514	-1
491	492	2
491	515	-1
492	493	2
492	516	2
493	494	-1
493	517	-1
494	495	1
494	518	-2
495	496	-2
495	519	-2
496	497	-2
496	520	-2
497	498	2
497	521	1
498	499	-1
498	522	-2
499	500	-1
499	523	-1
500	501	-1
500	524	-1
501	502	1
501	525	2
502	503	-1
502	526	-2
503	527	-1
504	505	-1
504	527	-2
504	528	2
505	506	1
505	529	-1
506	507	-1
506	530	2
507	508	1
507	531	-1
508	509	-1
508	532	-2
509	510	1
509	533	-1
510	511	-1
510	534	-1
511	512	2
511	535	-1
512	513	1
512	536	-2
513	514	-1
513	537	-1
514	515	1
514	538	-1
515	516	-1
515	539	1
516	517	2
516	540	1
517	518	1
517	541	1
518	519	-2
518	542	-1
519	520	-1
519	543	1
520	521	-1
520	544	2
521	522	-1
521	545	-1
522	523	2
522	546	-2
523	524	1
523	547	1
524	525	-1
524	548	-1
525	526	-1
525	549	-1
526	527	2
526	550	-1
527	551	-1
528	529	-2
528	551	-1
528	552	-1
529	530	1
529	553	-1
530	531	-2
530	554	1
531	532	-2
531	555	1
532	533	-1
532	556	1
533	534	-1
533	557	1
534	535	-1
534	558	-1
535	536	-1
535	559	1
536	537	-1
536	560	1
537	538	1
537	561	-1
538	539	-2
538	562	-2
539	540	1
539	563	2
540	541	-2
540	564	-1
541	542	2
541	565	-2
542	543	-1
542	566	2
543	544	1
543	567	1
544	545	2
544	568	2
545	546	2
545	569	2
546	547	1
546	570	-1
547	548	1
547	571	-1
548	549	1
548	572	2
549	550	1
549	573	-2
550	551	2
550	574	1
551	575	-2
552	553	2
552	575	2
553	554	-1
554	555	2
555	556	1
556	557	1
557	558	1
558	559	-1
559	560	1
560	561	-2
561	562	2
562	563	-1
563	564	1
564	565	1
565	566	-2
566	567	2
567	568	-1
568	569	-1
569	570	-2
570	571	-1
571	572	1
572	573	2
573	574	-1
574	575	1
