0	1	-1
0	55	-2
0	56	1
0	3080	-1
1	2	-1
1	57	-2
1	3081	-2
2	3	2
2	58	-1
2	3082	2
3	4	1
3	59	-2
3	3083	1
4	5	2
4	60	1
4	3084	1
5	6	-2
5	61	2
5	3085	1
6	7	1
6	62	-1
6	3086	-2
7	8	-2
7	63	1
7	3087	2
8	9	2
8	64	-2
8	3088	-1
9	10	2
9	65	1
9	3089	-1
10	11	2
10	66	2
10	3090	-2
11	12	2
11	67	2
11	3091	-1
12	13	-1
12	68	-1
12	3092	1
13	14	-1
13	69	-1
13	3093	-2
14	15	-1
14	70	-1
14	3094	-2
15	16	2
15	71	-1
15	3095	-2
16	17	1
16	72	-1
16	3096	-1
17	18	2
17	73	-1
17	3097	2
18	19	-2
18	74	2
18	3098	-2
19	20	-2
19	75	-1
19	3099	-2
20	21	1
20	76	-1
20	3100	-2
21	22	-1
21	77	-1
21	3101	-1
22	23	-2
22	78	2
22	3102	2
23	24	1
23	79	-1
23	3103	2
24	25	-1
24	80	2
24	3104	1
25	26	1
25	81	-2
25	3105	-2
26	27	-2
26	82	1
26	3106	2
27	28	-1
27	83	1
27	3107	-2
28	29	-2
28	84	1
28	3108	-1
29	30	-1
29	85	2
29	3109	-1
30	31	-1
30	86	1
30	3110	2
31	32	-2
31	87	1
31	3111	-2
32	33	-2
32	88	2
32	3112	1
33	34	-1
33	89	-2
33	3113	-1
34	35	1
34	90	-1
34	3114	2
35	36	-1
35	91	-1
35	3115	-2
36	37	1
36	92	1
36	3116	-2
37	38	1
37	93	-1
37	3117	1
38	39	-1
38	94	2
38	3118	-1
39	40	1
39	95	-2
39	3119	-2
40	41	2
40	96	2
40	3120	2
41	42	-1
41	97	1
41	3121	-2
42	43	1
42	98	1
42	3122	1
43	44	-1
43	99	-1
43	3123	2
44	45	-2
44	100	1
44	3124	-2
45	46	2
45	101	2
45	3125	2
46	47	-2
46	102	1
46	3126	-1
47	48	2
47	103	2
47	3127	2
48	49	-2
48	104	1
48	3128	-2
49	50	-2
49	105	2
49	3129	1
50	51	-1
50	106	-2
50	3130	1
51	52	1
51	107	-1
51	3131	-1
52	53	-1
52	108	2
52	3132	1
53	54	-1
53	109	-1
53	3133	-1
54	55	-1
54	110	1
54	3134	1
55	111	1
55	3135	1
56	57	-2
56	111	1
56	112	1
57	58	1
57	113	1
58	59	-1
58	114	-1
59	60	2
59	115	-1
60	61	-2
60	116	1
61	62	-2
61	117	2
62	63	1
62	118	-1
63	64	1
63	119	-1
64	65	1
64	120	-2
65	66	2
65	121	1
66	67	-1
66	122	-2
67	68	1
67	123	2
68	69	1
68	124	-2
69	70	-2
69	125	-1
70	71	1
70	126	1
71	72	-1
71	127	2
72	73	-1
72	128	-2
73	74	1
73	129	-1
74	75	-2
74	130	-1
75	76	-1
75	131	1
76	77	-1
76	132	-1
77	78	1
77	133	1
78	79	-1
78	134	-1
79	80	-1
79	135	1
80	81	-2
80	136	1
81	82	1
81	137	-1
82	83	2
82	138	1
83	84	-2
83	139	-2
84	85	1
84	140	2
85	86	-2
85	141	-1
86	87	1
86	142	-1
87	88	1
87	143	-1
88	89	-1
88	144	-1
89	90	-1
89	145	-2
90	91	-1
90	146	2
91	92	1
91	147	-1
92	93	2
92	148	-2
93	94	1
93	149	-2
94	95	-1
94	150	2
95	96	1
95	151	2
96	97	-1
96	152	-2
97	98	-2
97	153	1
98	99	1
98	154	1
99	100	-2
99	155	1
100	101	1
100	156	2
101	102	-1
101	157	-2
102	103	1
102	158	-2
103	104	1
103	159	-2
104	105	2
104	160	-2
105	106	-1
105	161	2
106	107	2
106	162	-1
107	108	1
107	163	-2
108	109	-1
108	164	2
109	110	-2
109	165	-1
110	111	1
110	166	-1
111	167	-1
112	113	-1
112	167	1
112	168	-2
113	114	1
113	169	-2
114	115	1
114	170	-2
115	116	2
115	171	-1
116	117	1
116	172	1
117	118	-2
117	173	2
118	119	2
118	174	-1
119	120	-2
119	175	2
120	121	-1
120	176	-1
121	122	2
121	177	2
122	123	-1
122	178	2
123	124	2
123	179	-2
124	125	-2
124	180	2
125	126	-2
125	181	1
126	127	1
126	182	-1
127	128	-2
127	183	-1
128	129	-2
128	184	2
129	130	-1
129	185	1
130	131	-1
130	186	-2
131	132	-1
131	187	-2
132	133	1
132	188	-1
133	134	1
133	189	1
134	135	1
134	190	1
135	136	1
135	191	-1
136	137	-1
136	192	1
137	138	1
137	193	-1
138	139	1
138	194	2
139	140	-1
139	195	-2
140	141	2
140	196	1
141	142	2
141	197	-1
142	143	1
142	198	-1
143	144	-1
143	199	1
144	145	1
144	200	-1
145	146	-2
145	201	-1
146	147	-2
146	202	-1
147	148	-2
147	203	-1
148	149	-1
148	204	1
149	150	2
149	205	-2
150	151	-2
150	206	2
151	152	1
151	207	-1
152	153	-2
152	208	-2
153	154	1
153	209	-1
154	155	1
154	210	2
155	156	2
155	211	-1
156	157	-1
156	212	2
157	158	1
157	213	1
158	159	2
158	214	-2
159	160	-1
159	215	2
160	161	-2
160	216	2
161	162	-2
161	217	1
162	163	1
162	218	1
163	164	2
163	219	2
164	165	2
164	220	-2
165	166	2
165	221	1
166	167	2
166	222	1
167	223	-2
168	169	1
168	223	2
168	224	2
169	170	-1
169	225	-1
170	171	-2
170	226	2
171	172	-2
171	227	2
172	173	-1
172	228	-2
173	174	1
173	229	-2
174	175	1
174	230	-2
175	176	-1
175	231	-2
176	177	-2
176	232	1
177	178	1
177	233	1
178	179	-1
178	234	1
179	180	1
179	235	2
180	181	1
180	236	1
181	182	1
181	237	-1
182	183	-1
182	238	1
183	184	1
183	239	-2
184	185	2
184	240	-2
185	186	1
185	241	-2
186	187	2
186	242	1
187	188	1
187	243	-1
188	189	1
188	244	-1
189	190	-1
189	245	1
190	191	2
190	246	-1
191	192	-1
191	247	1
192	193	-1
192	248	-1
193	194	1
193	249	2
194	195	1
194	250	2
195	196	2
195	251	-2
196	197	2
196	252	1
197	198	-1
197	253	-1
198	199	1
198	254	-1
199	200	2
199	255	-1
200	201	-1
200	256	2
201	202	-1
201	257	1
202	203	1
202	258	1
203	204	1
203	259	1
204	205	-2
204	260	1
205	206	-2
205	261	-2
206	207	-1
206	262	-1
207	208	1
207	263	-1
208	209	1
208	264	1
209	210	-1
209	265	-2
210	211	2
210	266	-1
211	212	-1
211	267	1
212	213	2
212	268	2
213	214	-2
213	269	2
214	215	1
214	270	-1
215	216	-2
215	271	1
216	217	1
216	272	-1
217	218	1
217	273	-2
218	219	-2
218	274	-1
219	220	-2
219	275	-2
220	221	1
220	276	2
221	222	1
221	277	2
222	223	1
222	278	-2
223	279	-1
224	225	-2
224	279	1
224	280	1
225	226	-1
225	281	-1
226	227	-1
226	282	-1
227	228	-1
227	283	2
228	229	1
228	284	1
229	230	-1
229	285	-2
230	231	1
230	286	-2
231	232	-2
231	287	-1
232	233	1
232	288	2
233	234	-1
233	289	-2
234	235	-2
234	290	1
235	236	-2
235	291	1
236	237	-2
236	292	2
237	238	1
237	293	-1
238	239	2
238	294	-2
239	240	-1
239	295	1
240	241	-1
240	296	-1
241	242	1
241	297	-1
242	243	-1
242	298	-2
243	244	-1
243	299	-2
244	245	-2
244	300	-2
245	246	-1
245	301	1
246	247	-2
246	302	1
247	248	-1
247	303	-1
248	249	1
248	304	1
249	250	-2
249	305	1
250	251	-1
250	306	-2
251	252	2
251	307	1
252	253	2
252	308	1
253	254	1
253	309	2
254	255	2
254	310	-2
255	256	2
255	311	-2
256	257	2
256	312	2
257	258	1
257	313	-1
258	259	-2
258	314	-1
259	260	-1
259	315	-1
260	261	2
260	316	-2
261	262	2
261	317	-2
262	263	-2
262	318	-1
263	264	1
263	319	-1
264	265	-1
264	320	2
265	266	2
265	321	-2
266	267	-2
266	322	-2
267	268	2
267	323	-1
268	269	1
268	324	1
269	270	-1
269	325	1
270	271	2
270	326	-1
271	272	-2
271	327	-1
272	273	-1
272	328	2
273	274	-2
273	329	-2
274	275	2
274	330	-1
275	276	-1
275	331	-2
276	277	1
276	332	2
277	278	1
277	333	-2
278	279	-1
278	334	2
279	335	-2
280	281	-2
280	335	1
280	336	-1
281	282	-1
281	337	-1
282	283	-1
282	338	1
283	284	2
283	339	1
284	285	2
284	340	-2
285	286	1
285	341	-1
286	287	-2
286	342	1
287	288	1
287	343	-2
288	289	1
288	344	1
289	290	1
289	345	1
290	291	2
290	346	-2
291	292	-2
291	347	-1
292	293	-2
292	348	-2
293	294	1
293	349	1
294	295	2
294	350	1
295	296	-1
295	351	-1
296	297	1
296	352	-1
297	298	2
297	353	2
298	299	1
298	354	-1
299	300	-2
299	355	-2
300	301	-1
300	356	1
301	302	1
301	357	1
302	303	-2
302	358	-2
303	304	-1
303	359	2
304	305	-1
304	360	-1
305	306	-1
305	361	-2
306	307	-2
306	362	-2
307	308	-2
307	363	2
308	309	-1
308	364	2
309	310	-2
309	365	-1
310	311	-1
310	366	-1
311	312	-2
311	367	2
312	313	1
312	368	1
313	314	-2
313	369	-1
314	315	2
314	370	2
315	316	-1
315	371	1
316	317	-1
316	372	-1
317	318	1
317	373	-2
318	319	2
318	374	-2
319	320	1
319	375	2
320	321	-2
320	376	-1
321	322	2
321	377	1
322	323	2
322	378	-2
323	324	2
323	379	1
324	325	-1
324	380	-1
325	326	1
325	381	-1
326	327	-2
326	382	1
327	328	2
327	383	2
328	329	-1
328	384	1
329	330	2
329	385	2
330	331	-2
330	386	-1
331	332	-2
331	387	2
332	333	1
332	388	-1
333	334	-1
333	389	-1
334	335	-2
334	390	1
335	391	2
336	337	-2
336	391	2
336	392	1
337	338	-1
337	393	-2
338	339	-2
338	394	-2
339	340	2
339	395	-1
340	341	-1
340	396	2
341	342	1
341	397	-2
342	343	-2
342	398	-1
343	344	2
343	399	-1
344	345	2
344	400	1
345	346	2
345	401	2
346	347	-1
346	402	-1
347	348	1
347	403	-1
348	349	2
348	404	1
349	350	-2
349	405	2
350	351	2
350	406	-1
351	352	1
351	407	-1
352	353	-2
352	408	2
353	354	1
353	409	-1
354	355	-1
354	410	-2
355	356	-2
355	411	2
356	357	1
356	412	-1
357	358	1
357	413	-2
358	359	-1
358	414	-1
359	360	-2
359	415	-2
360	361	-2
360	416	-1
361	362	2
361	417	-1
362	363	1
362	418	1
363	364	1
363	419	-2
364	365	-2
364	420	-1
365	366	2
365	421	1
366	367	-1
366	422	2
367	368	2
367	423	1
368	369	1
368	424	2
369	370	-1
369	425	2
370	371	2
370	426	-2
371	372	-1
371	427	-1
372	373	2
372	428	-2
373	374	-2
373	429	-2
374	375	-1
374	430	-2
375	376	2
375	431	2
376	377	-1
376	432	2
377	378	1
377	433	1
378	379	-2
378	434	-1
379	380	2
379	435	-2
380	381	-2
380	436	-1
381	382	2
381	437	1
382	383	-1
382	438	1
383	384	-1
383	439	-1
384	385	1
384	440	2
385	386	2
385	441	1
386	387	-1
386	442	2
387	388	-1
387	443	1
388	389	1
388	444	1
389	390	-1
389	445	-1
390	391	1
390	446	-1
391	447	-1
392	393	-1
392	447	1
392	448	-2
393	394	-1
393	449	1
394	395	2
394	450	1
395	396	-1
395	451	2
396	397	-1
396	452	-2
397	398	-1
397	453	-2
398	399	1
398	454	-2
399	400	-1
399	455	-2
400	401	-1
400	456	2
401	402	1
401	457	2
402	403	1
402	458	2
403	404	-1
403	459	-2
404	405	-2
404	460	1
405	406	-2
405	461	1
406	407	-2
406	462	-2
407	408	-2
407	463	-1
408	409	-2
408	464	2
409	410	-2
409	465	-1
410	411	-2
410	466	-1
411	412	-2
411	467	1
412	413	-1
412	468	1
413	414	-1
413	469	-1
414	415	2
414	470	-1
415	416	2
415	471	1
416	417	2
416	472	1
417	418	2
417	473	2
418	419	2
418	474	1
419	420	-2
419	475	2
420	421	-1
420	476	2
421	422	-2
421	477	1
422	423	2
422	478	-2
423	424	-1
423	479	-1
424	425	-2
424	480	-2
425	426	-2
425	481	-1
426	427	-1
426	482	2
427	428	-2
427	483	2
428	429	-1
428	484	1
429	430	-2
429	485	-1
430	431	-1
430	486	1
431	432	-1
431	487	-2
432	433	1
432	488	-2
433	434	-1
433	489	-2
434	435	2
434	490	1
435	436	-2
435	491	1
436	437	-2
436	492	-2
437	438	2
437	493	-1
438	439	-1
438	494	1
439	440	-1
439	495	-2
440	441	-1
440	496	-2
441	442	-2
441	497	-2
442	443	2
442	498	-1
443	444	1
443	499	2
444	445	1
444	500	2
445	446	2
445	501	-1
446	447	-1
446	502	2
447	503	-1
448	449	2
448	503	-1
448	504	-2
449	450	1
449	505	-1
450	451	2
450	506	2
451	452	-1
451	507	1
452	453	-2
452	508	1
453	454	2
453	509	2
454	455	-2
454	510	1
455	456	-1
455	511	-2
456	457	2
456	512	-2
457	458	-1
457	513	-2
458	459	1
458	514	-2
459	460	-2
459	515	2
460	461	1
460	516	-2
461	462	-1
461	517	2
462	463	-1
462	518	2
463	464	-2
463	519	2
464	465	-1
464	520	1
465	466	1
465	521	-2
466	467	1
466	522	-1
467	468	2
467	523	1
468	469	-1
468	524	-1
469	470	1
469	525	1
470	471	-2
470	526	-1
471	472	-2
471	527	2
472	473	1
472	528	2
473	474	-2
473	529	1
474	475	-2
474	530	1
475	476	1
475	531	-1
476	477	-1
476	532	-1
477	478	-1
477	533	1
478	479	-1
478	534	-2
479	480	2
479	535	-2
480	481	-2
480	536	1
481	482	-1
481	537	-2
482	483	-2
482	538	2
483	484	2
483	539	-1
484	485	2
484	540	-1
485	486	-1
485	541	1
486	487	1
486	542	-2
487	488	1
487	543	2
488	489	2
488	544	-2
489	490	-1
489	545	-2
490	491	-1
490	546	1
491	492	-1
491	547	-1
492	493	-1
492	548	-2
493	494	1
493	549	2
494	495	-1
494	550	2
495	496	1
495	551	2
496	497	-2
496	552	1
497	498	1
497	553	1
498	499	-1
498	554	1
499	500	-1
499	555	2
500	501	2
500	556	2
501	502	1
501	557	-1
502	503	-2
502	558	-1
503	559	1
504	505	-1
504	559	2
504	560	-1
505	506	-1
505	561	-2
506	507	-2
506	562	2
507	508	-2
507	563	1
508	509	2
508	564	-2
509	510	-1
509	565	-1
510	511	-2
510	566	1
511	512	2
511	567	1
512	513	-1
512	568	2
513	514	2
513	569	-1
514	515	1
514	570	-1
515	516	1
515	571	-1
516	517	2
516	572	1
517	518	-1
517	573	1
518	519	2
518	574	-2
519	520	1
519	575	-1
520	521	-2
520	576	1
521	522	1
521	577	2
522	523	1
522	578	-2
523	524	-1
523	579	-1
524	525	-1
524	580	-1
525	526	-1
525	581	2
526	527	-1
526	582	-2
527	528	-2
527	583	-2
528	529	-2
528	584	-1
529	530	-2
529	585	1
530	531	-2
530	586	1
531	532	2
531	587	-1
532	533	-1
532	588	-1
533	534	2
533	589	-2
534	535	2
534	590	-1
535	536	-1
535	591	2
536	537	-1
536	592	2
537	538	-1
537	593	-1
538	539	-2
538	594	1
539	540	-2
539	595	2
540	541	1
540	596	-2
541	542	1
541	597	1
542	543	1
542	598	2
543	544	-2
543	599	-1
544	545	-1
544	600	2
545	546	2
545	601	1
546	547	-1
546	602	-2
547	548	1
547	603	-1
548	549	-1
548	604	-1
549	550	2
549	605	2
550	551	1
550	606	1
551	552	-2
551	607	2
552	553	2
552	608	-1
553	554	1
553	609	-2
554	555	2
554	610	2
555	556	2
555	611	1
556	557	2
556	612	2
557	558	-1
557	613	1
558	559	-2
558	614	-2
559	615	-1
560	561	1
560	615	-2
560	616	-2
561	562	-1
561	617	-1
562	563	-2
562	618	2
563	564	-1
563	619	2
564	565	2
564	620	-2
565	566	-2
565	621	-2
566	567	-2
566	622	2
567	568	-2
567	623	1
568	569	-1
568	624	-2
569	570	-2
569	625	-1
570	571	1
570	626	1
571	572	1
571	627	2
572	573	1
572	628	-1
573	574	-2
573	629	-2
574	575	-2
574	630	1
575	576	1
575	631	1
576	577	-1
576	632	-1
577	578	1
577	633	-1
578	579	2
578	634	1
579	580	1
579	635	2
580	581	-2
580	636	-1
581	582	-2
581	637	-2
582	583	1
582	638	-1
583	584	1
583	639	1
584	585	1
584	640	-2
585	586	1
585	641	-2
586	587	-1
586	642	2
587	588	-2
587	643	-1
588	589	-1
588	644	-2
589	590	-1
589	645	-1
590	591	2
590	646	-1
591	592	1
591	647	-1
592	593	-1
592	648	-2
593	594	-1
593	649	1
594	595	-1
594	650	-1
595	596	-1
595	651	2
596	597	-1
596	652	2
597	598	-2
597	653	2
598	599	-2
598	654	-1
599	600	-2
599	655	1
600	601	-2
600	656	-2
601	602	1
601	657	1
602	603	1
602	658	2
603	604	-1
603	659	2
604	605	-2
604	660	-2
605	606	-1
605	661	1
606	607	-1
606	662	-1
607	608	-1
607	663	1
608	609	2
608	664	-1
609	610	1
609	665	-2
610	611	1
610	666	-1
611	612	-1
611	667	-1
612	613	2
612	668	-2
613	614	-1
613	669	-1
614	615	2
614	670	-1
615	671	1
616	617	-2
616	671	2
616	672	2
617	618	-1
617	673	-2
618	619	1
618	674	-1
619	620	-2
619	675	2
620	621	-1
620	676	1
621	622	-1
621	677	-1
622	623	2
622	678	1
623	624	-1
623	679	2
624	625	2
624	680	1
625	626	2
625	681	2
626	627	-2
626	682	-1
627	628	-1
627	683	1
628	629	-2
628	684	1
629	630	-2
629	685	2
630	631	2
630	686	2
631	632	-2
631	687	1
632	633	1
632	688	1
633	634	1
633	689	-1
634	635	-1
634	690	-1
635	636	2
635	691	-2
636	637	1
636	692	1
637	638	-1
637	693	-2
638	639	1
638	694	2
639	640	2
639	695	1
640	641	-2
640	696	1
641	642	1
641	697	2
642	643	-2
642	698	1
643	644	-1
643	699	-2
644	645	2
644	700	-2
645	646	1
645	701	-2
646	647	-1
646	702	-2
647	648	1
647	703	-1
648	649	-2
648	704	-2
649	650	1
649	705	-2
650	651	-2
650	706	-1
651	652	2
651	707	-1
652	653	1
652	708	2
653	654	2
653	709	1
654	655	-2
654	710	1
655	656	-1
655	711	2
656	657	-1
656	712	2
657	658	1
657	713	2
658	659	-1
658	714	-2
659	660	1
659	715	1
660	661	-1
660	716	1
661	662	-1
661	717	-1
662	663	-2
662	718	2
663	664	1
663	719	-1
664	665	-1
664	720	1
665	666	2
665	721	2
666	667	-1
666	722	-1
667	668	1
667	723	-1
668	669	-2
668	724	-2
669	670	1
669	725	1
670	671	2
670	726	1
671	727	1
672	673	1
672	727	-1
672	728	1
673	674	2
673	729	1
674	675	-2
674	730	-2
675	676	1
675	731	-2
676	677	-2
676	732	-1
677	678	-1
677	733	2
678	679	1
678	734	-1
679	680	2
679	735	-1
680	681	-2
680	736	-1
681	682	1
681	737	1
682	683	-1
682	738	2
683	684	1
683	739	-1
684	685	-2
684	740	1
685	686	1
685	741	1
686	687	-1
686	742	2
687	688	2
687	743	-1
688	689	2
688	744	-1
689	690	-1
689	745	-1
690	691	-2
690	746	-2
691	692	2
691	747	-1
692	693	-2
692	748	1
693	694	-1
693	749	-2
694	695	1
694	750	-1
695	696	-2
695	751	1
696	697	-1
696	752	1
697	698	-1
697	753	-2
698	699	2
698	754	-1
699	700	2
699	755	-1
700	701	-1
700	756	-1
701	702	-2
701	757	-1
702	703	-2
702	758	-2
703	704	-2
703	759	2
704	705	-1
704	760	2
705	706	-2
705	761	1
706	707	1
706	762	1
707	708	1
707	763	1
708	709	-1
708	764	1
709	710	-2
709	765	-1
710	711	2
710	766	-2
711	712	1
711	767	-1
712	713	-1
712	768	1
713	714	1
713	769	-2
714	715	-2
714	770	-2
715	716	-1
715	771	1
716	717	2
716	772	2
717	718	-2
717	773	1
718	719	-1
718	774	2
719	720	1
719	775	2
720	721	1
720	776	1
721	722	2
721	777	2
722	723	1
722	778	1
723	724	-2
723	779	-1
724	725	-1
724	780	2
725	726	-1
725	781	-2
726	727	1
726	782	-2
727	783	1
728	729	-1
728	783	-2
728	784	-1
729	730	-1
729	785	-1
730	731	1
730	786	1
731	732	1
731	787	-1
732	733	-1
732	788	2
733	734	1
733	789	-2
734	735	-1
734	790	2
735	736	1
735	791	1
736	737	-1
736	792	-2
737	738	-2
737	793	-1
738	739	-2
738	794	-2
739	740	2
739	795	1
740	741	1
740	796	2
741	742	1
741	797	-2
742	743	-1
742	798	-2
743	744	-2
743	799	1
744	745	-2
744	800	-2
745	746	-2
745	801	-2
746	747	2
746	802	1
747	748	-2
747	803	1
748	749	-1
748	804	1
749	750	-2
749	805	-2
750	751	1
750	806	-1
751	752	-2
751	807	-2
752	753	-2
752	808	-1
753	754	-1
753	809	1
754	755	-2
754	810	2
755	756	-1
755	811	1
756	757	1
756	812	1
757	758	-2
757	813	1
758	759	-1
758	814	2
759	760	-1
759	815	-2
760	761	1
760	816	1
761	762	2
761	817	1
762	763	-1
762	818	2
763	764	-2
763	819	-2
764	765	-1
764	820	1
765	766	1
765	821	-1
766	767	-1
766	822	-2
767	768	2
767	823	1
768	769	-2
768	824	-2
769	770	-2
769	825	-2
770	771	-1
770	826	1
771	772	2
771	827	-1
772	773	-2
772	828	2
773	774	1
773	829	-2
774	775	2
774	830	-2
775	776	2
775	831	2
776	777	-2
776	832	-1
777	778	1
777	833	1
778	779	1
778	834	2
779	780	2
779	835	1
780	781	-2
780	836	-1
781	782	-1
781	837	1
782	783	2
782	838	-1
783	839	2
784	785	-1
784	839	-2
784	840	-1
785	786	-1
785	841	2
786	787	-1
786	842	1
787	788	2
787	843	2
788	789	-2
788	844	-1
789	790	1
789	845	2
790	791	-2
790	846	2
791	792	2
791	847	-2
792	793	1
792	848	-2
793	794	1
793	849	-2
794	795	2
794	850	2
795	796	-1
795	851	-1
796	797	-2
796	852	2
797	798	-1
797	853	-2
798	799	2
798	854	1
799	800	-1
799	855	-2
800	801	-2
800	856	-1
801	802	-1
801	857	-1
802	803	-1
802	858	-1
803	804	1
803	859	1
804	805	-2
804	860	1
805	806	2
805	861	1
806	807	-2
806	862	1
807	808	2
807	863	-1
808	809	1
808	864	-2
809	810	2
809	865	2
810	811	-1
810	866	-1
811	812	1
811	867	-1
812	813	-2
812	868	2
813	814	2
813	869	1
814	815	-2
814	870	-1
815	816	-1
815	871	2
816	817	1
816	872	1
817	818	-2
817	873	-2
818	819	1
818	874	1
819	820	-2
819	875	1
820	821	1
820	876	2
821	822	-2
821	877	-2
822	823	1
822	878	-1
823	824	2
823	879	1
824	825	-2
824	880	2
825	826	-1
825	881	-1
826	827	2
826	882	-2
827	828	1
827	883	1
828	829	2
828	884	-1
829	830	-1
829	885	1
830	831	-1
830	886	-1
831	832	1
831	887	-1
832	833	-1
832	888	-1
833	834	-2
833	889	-2
834	835	-1
834	890	2
835	836	2
835	891	-2
836	837	-1
836	892	1
837	838	-1
837	893	-1
838	839	2
838	894	1
839	895	-2
840	841	-2
840	895	2
840	896	-1
841	842	1
841	897	-1
842	843	2
842	898	-1
843	844	-2
843	899	2
844	845	-1
844	900	1
845	846	-1
845	901	1
846	847	-1
846	902	-1
847	848	1
847	903	-1
848	849	-1
848	904	2
849	850	-1
849	905	1
850	851	2
850	906	1
851	852	-1
851	907	2
852	853	-1
852	908	-1
853	854	-1
853	909	1
854	855	1
854	910	2
855	856	-2
855	911	-1
856	857	2
856	912	1
857	858	-2
857	913	-1
858	859	-2
858	914	2
859	860	-1
859	915	2
860	861	2
860	916	-1
861	862	1
861	917	-1
862	863	-2
862	918	1
863	864	-1
863	919	-1
864	865	1
864	920	1
865	866	-1
865	921	2
866	867	1
866	922	2
867	868	2
867	923	-2
868	869	1
868	924	1
869	870	2
869	925	1
870	871	-1
870	926	-2
871	872	2
871	927	2
872	873	2
872	928	2
873	874	1
873	929	2
874	875	-1
874	930	1
875	876	1
875	931	-1
876	877	1
876	932	-1
877	878	-2
877	933	1
878	879	1
878	934	-2
879	880	1
879	935	-2
880	881	-2
880	936	2
881	882	-1
881	937	1
882	883	2
882	938	-2
883	884	2
883	939	1
884	885	2
884	940	-1
885	886	-2
885	941	-1
886	887	1
886	942	2
887	888	2
887	943	2
888	889	2
888	944	1
889	890	2
889	945	1
890	891	-1
890	946	1
891	892	2
891	947	-2
892	893	-1
892	948	1
893	894	-2
893	949	1
894	895	1
894	950	-1
895	951	1
896	897	1
896	951	2
896	952	1
897	898	-1
897	953	1
898	899	-2
898	954	1
899	900	1
899	955	-1
900	901	-2
900	956	-1
901	902	-1
901	957	-2
902	903	2
902	958	-1
903	904	2
903	959	2
904	905	2
904	960	-1
905	906	1
905	961	-2
906	907	1
906	962	1
907	908	-2
907	963	-1
908	909	2
908	964	-1
909	910	2
909	965	-1
910	911	2
910	966	-1
911	912	-2
911	967	1
912	913	-1
912	968	1
913	914	-2
913	969	-2
914	915	-2
914	970	-1
915	916	-2
915	971	2
916	917	2
916	972	1
917	918	1
917	973	2
918	919	-1
918	974	-2
919	920	-1
919	975	2
920	921	-1
920	976	1
921	922	1
921	977	2
922	923	-1
922	978	1
923	924	2
923	979	-2
924	925	1
924	980	-1
925	926	1
925	981	1
926	927	-2
926	982	2
927	928	-1
927	983	1
928	929	1
928	984	-2
929	930	-2
929	985	-2
930	931	2
930	986	-2
931	932	-1
931	987	-1
932	933	-1
932	988	-2
933	934	-1
933	989	-2
934	935	2
934	990	1
935	936	1
935	991	2
936	937	1
936	992	-2
937	938	-2
937	993	-2
938	939	-1
938	994	-1
939	940	2
939	995	1
940	941	-2
940	996	1
941	942	-1
941	997	2
942	943	-1
942	998	2
943	944	-1
943	999	2
944	945	-1
944	1000	1
945	946	-2
945	1001	-1
946	947	-1
946	1002	-1
947	948	1
947	1003	-1
948	949	2
948	1004	2
949	950	-2
949	1005	1
950	951	1
950	1006	2
951	1007	2
952	953	-1
952	1007	2
952	1008	-1
953	954	-1
953	1009	-1
954	955	-2
954	1010	-1
955	956	-1
955	1011	1
956	957	1
956	1012	-1
957	958	1
957	1013	1
958	959	2
958	1014	1
959	960	-1
959	1015	1
960	961	-1
960	1016	1
961	962	-2
961	1017	-2
962	963	1
962	1018	1
963	964	-2
963	1019	2
964	965	-2
964	1020	-1
965	966	-2
965	1021	-1
966	967	1
966	1022	2
967	968	-2
967	1023	1
968	969	-1
968	1024	-1
969	970	-1
969	1025	-2
970	971	-1
970	1026	-2
971	972	1
971	1027	-1
972	973	-1
972	1028	2
973	974	2
973	1029	2
974	975	-2
974	1030	-1
975	976	-2
975	1031	1
976	977	1
976	1032	1
977	978	-1
977	1033	-2
978	979	-2
978	1034	1
979	980	-2
979	1035	-2
980	981	1
980	1036	2
981	982	1
981	1037	-1
982	983	2
982	1038	1
983	984	2
983	1039	1
984	985	-1
984	1040	1
985	986	-2
985	1041	1
986	987	-1
986	1042	2
987	988	-1
987	1043	1
988	989	2
988	1044	2
989	990	1
989	1045	-1
990	991	-1
990	1046	-1
991	992	-1
991	1047	1
992	993	-1
992	1048	-1
993	994	1
993	1049	-2
994	995	-2
994	1050	-2
995	996	-1
995	1051	1
996	997	1
996	1052	-1
997	998	1
997	1053	-2
998	999	2
998	1054	-1
999	1000	-1
999	1055	1
1000	1001	-1
1000	1056	1
1001	1002	1
1001	1057	-1
1002	1003	1
1002	1058	1
1003	1004	-2
1003	1059	-1
1004	1005	-2
1004	1060	2
1005	1006	2
1005	1061	-1
1006	1007	-2
1006	1062	-2
1007	1063	-2
1008	1009	2
1008	1063	-1
1008	1064	-2
1009	1010	1
1009	1065	-1
1010	1011	-1
1010	1066	1
1011	1012	-1
1011	1067	-1
1012	1013	-2
1012	1068	1
1013	1014	-1
1013	1069	2
1014	1015	1
1014	1070	2
1015	1016	1
1015	1071	-2
1016	1017	1
1016	1072	2
1017	1018	-1
1017	1073	-2
1018	1019	-1
1018	1074	1
1019	1020	-2
1019	1075	-1
1020	1021	-2
1020	1076	1
1021	1022	-1
1021	1077	-2
1022	1023	2
1022	1078	2
1023	1024	-2
1023	1079	2
1024	1025	-1
1024	1080	-2
1025	1026	1
1025	1081	1
1026	1027	1
1026	1082	1
1027	1028	2
1027	1083	1
1028	1029	2
1028	1084	2
1029	1030	1
1029	1085	-1
1030	1031	-2
1030	1086	-1
1031	1032	2
1031	1087	1
1032	1033	2
1032	1088	1
1033	1034	-2
1033	1089	-2
1034	1035	-2
1034	1090	-2
1035	1036	-1
1035	1091	2
1036	1037	-2
1036	1092	2
1037	1038	1
1037	1093	1
1038	1039	1
1038	1094	-1
1039	1040	-2
1039	1095	-1
1040	1041	2
1040	1096	1
1041	1042	1
1041	1097	1
1042	1043	-1
1042	1098	-1
1043	1044	2
1043	1099	-1
1044	1045	1
1044	1100	1
1045	1046	-1
1045	1101	-1
1046	1047	-1
1046	1102	-1
1047	1048	-1
1047	1103	1
1048	1049	-1
1048	1104	-2
1049	1050	-1
1049	1105	-1
1050	1051	1
1050	1106	-1
1051	1052	-1
1051	1107	-2
1052	1053	2
1052	1108	1
1053	1054	-1
1053	1109	1
1054	1055	1
1054	1110	1
1055	1056	1
1055	1111	-1
1056	1057	-2
1056	1112	-1
1057	1058	1
1057	1113	-2
1058	1059	1
1058	1114	-2
1059	1060	-1
1059	1115	-2
1060	1061	1
1060	1116	-2
1061	1062	-2
1061	1117	1
1062	1063	-2
1062	1118	1
1063	1119	-1
1064	1065	-1
1064	1119	2
1064	1120	-1
1065	1066	1
1065	1121	2
1066	1067	-1
1066	1122	2
1067	1068	1
1067	1123	-2
1068	1069	2
1068	1124	-2
1069	1070	-1
1069	1125	-2
1070	1071	2
1070	1126	2
1071	1072	-2
1071	1127	1
1072	1073	1
1072	1128	2
1073	1074	-1
1073	1129	-2
1074	1075	-1
1074	1130	2
1075	1076	-1
1075	1131	1
1076	1077	-2
1076	1132	-1
1077	1078	2
1077	1133	1
1078	1079	-1
1078	1134	2
1079	1080	2
1079	1135	-2
1080	1081	-2
1080	1136	2
1081	1082	-1
1081	1137	-1
1082	1083	-1
1082	1138	-1
1083	1084	-1
1083	1139	1
1084	1085	1
1084	1140	1
1085	1086	-1
1085	1141	2
1086	1087	-2
1086	1142	-1
1087	1088	2
1087	1143	-1
1088	1089	1
1088	1144	-1
1089	1090	-1
1089	1145	-1
1090	1091	-1
1090	1146	-1
1091	1092	2
1091	1147	2
1092	1093	1
1092	1148	1
1093	1094	1
1093	1149	2
1094	1095	-1
1094	1150	1
1095	1096	-1
1095	1151	2
1096	1097	-1
1096	1152	-1
1097	1098	1
1097	1153	-1
1098	1099	1
1098	1154	1
1099	1100	-2
1099	1155	2
1100	1101	1
1100	1156	1
1101	1102	2
1101	1157	-2
1102	1103	-1
1102	1158	-1
1103	1104	1
1103	1159	-1
1104	1105	2
1104	1160	2
1105	1106	2
1105	1161	1
1106	1107	-2
1106	1162	1
1107	1108	-1
1107	1163	1
1108	1109	-2
1108	1164	-1
1109	1110	2
1109	1165	-1
1110	1111	1
1110	1166	2
1111	1112	-1
1111	1167	1
1112	1113	2
1112	1168	-2
1113	1114	2
1113	1169	-1
1114	1115	-1
1114	1170	1
1115	1116	-2
1115	1171	-1
1116	1117	1
1116	1172	-2
1117	1118	1
1117	1173	-1
1118	1119	-2
1118	1174	1
1119	1175	2
1120	1121	-2
1120	1175	2
1120	1176	1
1121	1122	-2
1121	1177	1
1122	1123	2
1122	1178	1
1123	1124	-1
1123	1179	2
1124	1125	-1
1124	1180	-1
1125	1126	-1
1125	1181	-1
1126	1127	1
1126	1182	-1
1127	1128	1
1127	1183	-1
1128	1129	-2
1128	1184	-2
1129	1130	-2
1129	1185	-1
1130	1131	2
1130	1186	2
1131	1132	-1
1131	1187	-1
1132	1133	-1
1132	1188	2
1133	1134	-1
1133	1189	-1
1134	1135	-1
1134	1190	1
1135	1136	1
1135	1191	-2
1136	1137	2
1136	1192	2
1137	1138	1
1137	1193	-1
1138	1139	2
1138	1194	2
1139	1140	1
1139	1195	2
1140	1141	2
1140	1196	1
1141	1142	-2
1141	1197	-1
1142	1143	1
1142	1198	-1
1143	1144	-2
1143	1199	-2
1144	1145	-2
1144	1200	2
1145	1146	1
1145	1201	1
1146	1147	-2
1146	1202	-2
1147	1148	-2
1147	1203	-1
1148	1149	-1
1148	1204	-2
1149	1150	-2
1149	1205	-1
1150	1151	-2
1150	1206	1
1151	1152	-2
1151	1207	-1
1152	1153	2
1152	1208	-1
1153	1154	2
1153	1209	1
1154	1155	-1
1154	1210	1
1155	1156	2
1155	1211	-1
1156	1157	1
1156	1212	1
1157	1158	-1
1157	1213	-1
1158	1159	2
1158	1214	2
1159	1160	2
1159	1215	-2
1160	1161	-2
1160	1216	-1
1161	1162	-2
1161	1217	2
1162	1163	-2
1162	1218	-2
1163	1164	-2
1163	1219	2
1164	1165	2
1164	1220	1
1165	1166	1
1165	1221	-1
1166	1167	2
1166	1222	-1
1167	1168	-2
1167	1223	-2
1168	1169	2
1168	1224	2
1169	1170	2
1169	1225	1
1170	1171	1
1170	1226	1
1171	1172	2
1171	1227	2
1172	1173	2
1172	1228	2
1173	1174	1
1173	1229	-1
1174	1175	-2
1174	1230	2
1175	1231	1
1176	1177	2
1176	1231	-2
1176	1232	2
1177	1178	-2
1177	1233	-2
1178	1179	-2
1178	1234	-1
1179	1180	-2
1179	1235	2
1180	1181	1
1180	1236	2
1181	1182	-2
1181	1237	1
1182	1183	-1
1182	1238	-2
1183	1184	1
1183	1239	-2
1184	1185	1
1184	1240	2
1185	1186	-1
1185	1241	-1
1186	1187	2
1186	1242	1
1187	1188	1
1187	1243	-1
1188	1189	-2
1188	1244	-1
1189	1190	1
1189	1245	1
1190	1191	-2
1190	1246	-1
1191	1192	2
1191	1247	1
1192	1193	1
1192	1248	2
1193	1194	2
1193	1249	1
1194	1195	-1
1194	1250	-2
1195	1196	-1
1195	1251	-1
1196	1197	1
1196	1252	2
1197	1198	-1
1197	1253	-1
1198	1199	-2
1198	1254	1
1199	1200	1
1199	1255	-1
1200	1201	1
1200	1256	1
1201	1202	1
1201	1257	-1
1202	1203	1
1202	1258	-1
1203	1204	-1
1203	1259	-2
1204	1205	2
1204	1260	-1
1205	1206	1
1205	1261	-2
1206	1207	-2
1206	1262	-2
1207	1208	1
1207	1263	-1
1208	1209	1
1208	1264	-1
1209	1210	1
1209	1265	-2
1210	1211	-1
1210	1266	-1
1211	1212	-1
1211	1267	2
1212	1213	1
1212	1268	1
1213	1214	1
1213	1269	1
1214	1215	1
1214	1270	2
1215	1216	-1
1215	1271	-1
1216	1217	-2
1216	1272	2
1217	1218	1
1217	1273	1
1218	1219	-1
1218	1274	-1
1219	1220	1
1219	1275	2
1220	1221	2
1220	1276	1
1221	1222	-1
1221	1277	1
1222	1223	-1
1222	1278	-1
1223	1224	1
1223	1279	1
1224	1225	-1
1224	1280	1
1225	1226	-2
1225	1281	2
1226	1227	-1
1226	1282	1
1227	1228	1
1227	1283	-1
1228	1229	2
1228	1284	-2
1229	1230	-2
1229	1285	-2
1230	1231	2
1230	1286	-1
1231	1287	-1
1232	1233	-2
1232	1287	-2
1232	1288	1
1233	1234	1
1233	1289	1
1234	1235	2
1234	1290	1
1235	1236	1
1235	1291	2
1236	1237	-1
1236	1292	1
1237	1238	-1
1237	1293	-1
1238	1239	-1
1238	1294	2
1239	1240	2
1239	1295	1
1240	1241	2
1240	1296	1
1241	1242	-1
1241	1297	2
1242	1243	-2
1242	1298	-2
1243	1244	-2
1243	1299	-1
1244	1245	2
1244	1300	-1
1245	1246	1
1245	1301	-2
1246	1247	1
1246	1302	-1
1247	1248	-2
1247	1303	-1
1248	1249	1
1248	1304	-1
1249	1250	2
1249	1305	-1
1250	1251	-2
1250	1306	-1
1251	1252	-2
1251	1307	-2
1252	1253	-1
1252	1308	1
1253	1254	-1
1253	1309	1
1254	1255	2
1254	1310	-1
1255	1256	1
1255	1311	-1
1256	1257	-1
1256	1312	-1
1257	1258	-1
1257	1313	1
1258	1259	1
1258	1314	-1
1259	1260	2
1259	1315	2
1260	1261	-1
1260	1316	2
1261	1262	-2
1261	1317	-2
1262	1263	-2
1262	1318	2
1263	1264	-2
1263	1319	1
1264	1265	1
1264	1320	-1
1265	1266	-1
1265	1321	1
1266	1267	-2
1266	1322	1
1267	1268	2
1267	1323	2
1268	1269	1
1268	1324	-1
1269	1270	-2
1269	1325	-2
1270	1271	-2
1270	1326	-1
1271	1272	-2
1271	1327	1
1272	1273	2
1272	1328	-2
1273	1274	1
1273	1329	1
1274	1275	-2
1274	1330	-1
1275	1276	-1
1275	1331	2
1276	1277	-2
1276	1332	-1
1277	1278	-1
1277	1333	1
1278	1279	2
1278	1334	-1
1279	1280	-1
1279	1335	-2
1280	1281	-1
1280	1336	2
1281	1282	1
1281	1337	1
1282	1283	2
1282	1338	-1
1283	1284	-2
1283	1339	-1
1284	1285	-1
1284	1340	2
1285	1286	2
1285	1341	-1
1286	1287	1
1286	1342	1
1287	1343	-1
1288	1289	2
1288	1343	1
1288	1344	-1
1289	1290	1
1289	1345	2
1290	1291	-1
1290	1346	2
1291	1292	1
1291	1347	2
1292	1293	-1
1292	1348	1
1293	1294	1
1293	1349	1
1294	1295	2
1294	1350	2
1295	1296	-1
1295	1351	-1
1296	1297	-1
1296	1352	-1
1297	1298	2
1297	1353	2
1298	1299	2
1298	1354	1
1299	1300	-2
1299	1355	-2
1300	1301	-1
1300	1356	-1
1301	1302	-1
1301	1357	-2
1302	1303	-2
1302	1358	2
1303	1304	-1
1303	1359	1
1304	1305	-2
1304	1360	-1
1305	1306	1
1305	1361	1
1306	1307	1
1306	1362	2
1307	1308	-1
1307	1363	-1
1308	1309	1
1308	1364	-1
1309	1310	-2
1309	1365	-1
1310	1311	-2
1310	1366	-2
1311	1312	-2
1311	1367	2
1312	1313	-1
1312	1368	1
1313	1314	2
1313	1369	-1
1314	1315	2
1314	1370	2
1315	1316	2
1315	1371	2
1316	1317	-1
1316	1372	-1
1317	1318	2
1317	1373	-2
1318	1319	1
1318	1374	-1
1319	1320	1
1319	1375	1
1320	1321	1
1320	1376	2
1321	1322	-2
1321	1377	-1
1322	1323	2
1322	1378	-1
1323	1324	-2
1323	1379	-1
1324	1325	-1
1324	1380	-1
1325	1326	2
1325	1381	-1
1326	1327	-2
1326	1382	-1
1327	1328	-1
1327	1383	-2
1328	1329	1
1328	1384	2
1329	1330	-1
1329	1385	-1
1330	1331	-1
1330	1386	1
1331	1332	2
1331	1387	-1
1332	1333	-2
1332	1388	1
1333	1334	-2
1333	1389	-1
1334	1335	-1
1334	1390	2
1335	1336	2
1335	1391	2
1336	1337	1
1336	1392	-2
1337	1338	-2
1337	1393	1
1338	1339	-1
1338	1394	1
1339	1340	2
1339	1395	1
1340	1341	-2
1340	1396	1
1341	1342	-1
1341	1397	1
1342	1343	1
1342	1398	-1
1343	1399	-1
1344	1345	-1
1344	1399	-1
1344	1400	1
1345	1346	-1
1345	1401	-2
1346	1347	-1
1346	1402	-2
1347	1348	-2
1347	1403	1
1348	1349	-2
1348	1404	-2
1349	1350	-2
1349	1405	1
1350	1351	-1
1350	1406	1
1351	1352	1
1351	1407	1
1352	1353	1
1352	1408	1
1353	1354	-2
1353	1409	1
1354	1355	-1
1354	1410	-2
1355	1356	2
1355	1411	-1
1356	1357	1
1356	1412	1
1357	1358	-1
1357	1413	1
1358	1359	1
1358	1414	-1
1359	1360	-1
1359	1415	-1
1360	1361	1
1360	1416	1
1361	1362	-2
1361	1417	1
1362	1363	1
1362	1418	-2
1363	1364	2
1363	1419	1
1364	1365	-1
1364	1420	1
1365	1366	1
1365	1421	-1
1366	1367	2
1366	1422	2
1367	1368	1
1367	1423	1
1368	1369	-1
1368	1424	-1
1369	1370	2
1369	1425	1
1370	1371	1
1370	1426	2
1371	1372	1
1371	1427	1
1372	1373	2
1372	1428	2
1373	1374	-1
1373	1429	-1
1374	1375	1
1374	1430	2
1375	1376	-2
1375	1431	2
1376	1377	-1
1376	1432	-2
1377	1378	2
1377	1433	2
1378	1379	-1
1378	1434	-2
1379	1380	2
1379	1435	2
1380	1381	-1
1380	1436	-1
1381	1382	-2
1381	1437	-2
1382	1383	-1
1382	1438	2
1383	1384	-1
1383	1439	1
1384	1385	1
1384	1440	2
1385	1386	-1
1385	1441	-1
1386	1387	1
1386	1442	1
1387	1388	2
1387	1443	-2
1388	1389	1
1388	1444	-1
1389	1390	-2
1389	1445	2
1390	1391	-2
1390	1446	-1
1391	1392	1
1391	1447	-2
1392	1393	-2
1392	1448	1
1393	1394	1
1393	1449	2
1394	1395	2
1394	1450	-1
1395	1396	-1
1395	1451	-1
1396	1397	2
1396	1452	1
1397	1398	-2
1397	1453	1
1398	1399	-2
1398	1454	2
1399	1455	-1
1400	1401	-2
1400	1455	-1
1400	1456	-1
1401	1402	-1
1401	1457	2
1402	1403	-2
1402	1458	-1
1403	1404	2
1403	1459	1
1404	1405	-2
1404	1460	1
1405	1406	2
1405	1461	1
1406	1407	1
1406	1462	-2
1407	1408	-1
1407	1463	2
1408	1409	-2
1408	1464	-2
1409	1410	1
1409	1465	1
1410	1411	2
1410	1466	1
1411	1412	1
1411	1467	-2
1412	1413	-1
1412	1468	-2
1413	1414	-2
1413	1469	-1
1414	1415	-1
1414	1470	1
1415	1416	-1
1415	1471	2
1416	1417	-1
1416	1472	1
1417	1418	-1
1417	1473	2
1418	1419	2
1418	1474	2
1419	1420	-2
1419	1475	2
1420	1421	-1
1420	1476	1
1421	1422	2
1421	1477	2
1422	1423	-1
1422	1478	1
1423	1424	2
1423	1479	1
1424	1425	-1
1424	1480	2
1425	1426	1
1425	1481	-2
1426	1427	-1
1426	1482	1
1427	1428	2
1427	1483	-1
1428	1429	1
1428	1484	-2
1429	1430	2
1429	1485	-2
1430	1431	-2
1430	1486	-1
1431	1432	2
1431	1487	1
1432	1433	-1
1432	1488	2
1433	1434	-1
1433	1489	1
1434	1435	-1
1434	1490	-2
1435	1436	-1
1435	1491	1
1436	1437	1
1436	1492	-1
1437	1438	2
1437	1493	2
1438	1439	2
1438	1494	-1
1439	1440	-1
1439	1495	-1
1440	1441	2
1440	1496	1
1441	1442	-1
1441	1497	2
1442	1443	2
1442	1498	2
1443	1444	-1
1443	1499	2
1444	1445	1
1444	1500	-2
1445	1446	-2
1445	1501	1
1446	1447	1
1446	1502	-2
1447	1448	1
1447	1503	1
1448	1449	2
1448	1504	2
1449	1450	1
1449	1505	1
1450	1451	-2
1450	1506	1
1451	1452	-2
1451	1507	2
1452	1453	-2
1452	1508	-1
1453	1454	2
1453	1509	1
1454	1455	-2
1454	1510	1
1455	1511	-1
1456	1457	1
1456	1511	1
1456	1512	1
1457	1458	-2
1457	1513	1
1458	1459	-2
1458	1514	-2
1459	1460	-2
1459	1515	1
1460	1461	1
1460	1516	-1
1461	1462	1
1461	1517	1
1462	1463	1
1462	1518	-1
1463	1464	-1
1463	1519	2
1464	1465	1
1464	1520	1
1465	1466	-1
1465	1521	1
1466	1467	2
1466	1522	-2
1467	1468	-2
1467	1523	-1
1468	1469	-1
1468	1524	2
1469	1470	-2
1469	1525	-1
1470	1471	-1
1470	1526	-2
1471	1472	1
1471	1527	-1
1472	1473	1
1472	1528	2
1473	1474	1
1473	1529	2
1474	1475	-1
1474	1530	-1
1475	1476	1
1475	1531	2
1476	1477	-1
1476	1532	-1
1477	1478	-1
1477	1533	1
1478	1479	-1
1478	1534	2
1479	1480	-1
1479	1535	-1
1480	1481	-1
1480	1536	-1
1481	1482	2
1481	1537	1
1482	1483	-1
1482	1538	-1
1483	1484	-2
1483	1539	2
1484	1485	2
1484	1540	-2
1485	1486	-2
1485	1541	2
1486	1487	-1
1486	1542	1
1487	1488	-1
1487	1543	1
1488	1489	2
1488	1544	1
1489	1490	-2
1489	1545	-2
1490	1491	-2
1490	1546	-1
1491	1492	-1
1491	1547	-2
1492	1493	1
1492	1548	2
1493	1494	1
1493	1549	-1
1494	1495	-1
1494	1550	2
1495	1496	-1
1495	1551	2
1496	1497	1
1496	1552	1
1497	1498	1
1497	1553	-1
1498	1499	2
1498	1554	1
1499	1500	-1
1499	1555	1
1500	1501	-1
1500	1556	2
1501	1502	-1
1501	1557	-2
1502	1503	-1
1502	1558	1
1503	1504	-2
1503	1559	1
1504	1505	-1
1504	1560	-1
1505	1506	-1
1505	1561	-1
1506	1507	1
1506	1562	-1
1507	1508	-2
1507	1563	-2
1508	1509	-1
1508	1564	-1
1509	1510	-2
1509	1565	-2
1510	1511	2
1510	1566	-2
1511	1567	-2
1512	1513	-1
1512	1567	1
1512	1568	1
1513	1514	1
1513	1569	2
1514	1515	-2
1514	1570	1
1515	1516	1
1515	1571	1
1516	1517	2
1516	1572	-2
1517	1518	2
1517	1573	-1
1518	1519	1
1518	1574	-1
1519	1520	1
1519	1575	-1
1520	1521	-1
1520	1576	-1
1521	1522	-1
1521	1577	1
1522	1523	-1
1522	1578	-1
1523	1524	1
1523	1579	-1
1524	1525	-2
1524	1580	1
1525	1526	1
1525	1581	-2
1526	1527	2
1526	1582	1
1527	1528	-2
1527	1583	-2
1528	1529	-1
1528	1584	-1
1529	1530	2
1529	1585	-2
1530	1531	-2
1530	1586	1
1531	1532	-1
1531	1587	1
1532	1533	-1
1532	1588	-1
1533	1534	1
1533	1589	-1
1534	1535	-2
1534	1590	1
1535	1536	-2
1535	1591	-1
1536	1537	-1
1536	1592	-1
1537	1538	-1
1537	1593	-2
1538	1539	-2
1538	1594	-2
1539	1540	1
1539	1595	-2
1540	1541	1
1540	1596	-1
1541	1542	-2
1541	1597	-2
1542	1543	2
1542	1598	-1
1543	1544	1
1543	1599	-2
1544	1545	1
1544	1600	-2
1545	1546	2
1545	1601	2
1546	1547	1
1546	1602	2
1547	1548	-1
1547	1603	1
1548	1549	1
1548	1604	-2
1549	1550	2
1549	1605	1
1550	1551	1
1550	1606	2
1551	1552	-2
1551	1607	2
1552	1553	1
1552	1608	-1
1553	1554	-2
1553	1609	-1
1554	1555	-1
1554	1610	-2
1555	1556	-1
1555	1611	1
1556	1557	-2
1556	1612	1
1557	1558	-2
1557	1613	2
1558	1559	2
1558	1614	-1
1559	1560	1
1559	1615	2
1560	1561	1
1560	1616	-1
1561	1562	-1
1561	1617	1
1562	1563	-2
1562	1618	-2
1563	1564	-1
1563	1619	-2
1564	1565	2
1564	1620	-1
1565	1566	1
1565	1621	2
1566	1567	-1
1566	1622	-2
1567	1623	2
1568	1569	-1
1568	1623	-1
1568	1624	1
1569	1570	-2
1569	1625	1
1570	1571	1
1570	1626	1
1571	1572	2
1571	1627	-1
1572	1573	1
1572	1628	2
1573	1574	-2
1573	1629	2
1574	1575	-2
1574	1630	2
1575	1576	-1
1575	1631	1
1576	1577	-1
1576	1632	2
1577	1578	-1
1577	1633	-2
1578	1579	2
1578	1634	2
1579	1580	1
1579	1635	-1
1580	1581	2
1580	1636	1
1581	1582	2
1581	1637	-2
1582	1583	2
1582	1638	2
1583	1584	1
1583	1639	-1
1584	1585	-1
1584	1640	-1
1585	1586	1
1585	1641	-2
1586	1587	-2
1586	1642	-1
1587	1588	-1
1587	1643	1
1588	1589	-2
1588	1644	2
1589	1590	1
1589	1645	2
1590	1591	-1
1590	1646	-2
1591	1592	2
1591	1647	-2
1592	1593	-2
1592	1648	2
1593	1594	1
1593	1649	-1
1594	1595	-2
1594	1650	1
1595	1596	-2
1595	1651	-2
1596	1597	1
1596	1652	-1
1597	1598	1
1597	1653	-1
1598	1599	-1
1598	1654	-2
1599	1600	-2
1599	1655	2
1600	1601	1
1600	1656	-2
1601	1602	-1
1601	1657	1
1602	1603	1
1602	1658	2
1603	1604	-2
1603	1659	-2
1604	1605	1
1604	1660	-1
1605	1606	-2
1605	1661	1
1606	1607	2
1606	1662	-2
1607	1608	-1
1607	1663	-1
1608	1609	-1
1608	1664	1
1609	1610	2
1609	1665	-2
1610	1611	1
1610	1666	2
1611	1612	1
1611	1667	-1
1612	1613	-1
1612	1668	2
1613	1614	-1
1613	1669	-2
1614	1615	-1
1614	1670	-2
1615	1616	2
1615	1671	1
1616	1617	1
1616	1672	1
1617	1618	-2
1617	1673	1
1618	1619	-2
1618	1674	-2
1619	1620	2
1619	1675	-1
1620	1621	1
1620	1676	-1
1621	1622	1
1621	1677	-1
1622	1623	-2
1622	1678	-2
1623	1679	1
1624	1625	1
1624	1679	1
1624	1680	2
1625	1626	2
1625	1681	1
1626	1627	1
1626	1682	-2
1627	1628	2
1627	1683	1
1628	1629	-1
1628	1684	-2
1629	1630	-1
1629	1685	1
1630	1631	2
1630	1686	1
1631	1632	2
1631	1687	2
1632	1633	-2
1632	1688	1
1633	1634	1
1633	1689	1
1634	1635	2
1634	1690	1
1635	1636	-2
1635	1691	1
1636	1637	1
1636	1692	1
1637	1638	1
1637	1693	2
1638	1639	1
1638	1694	-2
1639	1640	1
1639	1695	-1
1640	1641	2
1640	1696	-1
1641	1642	1
1641	1697	2
1642	1643	-2
1642	1698	2
1643	1644	-1
1643	1699	1
1644	1645	1
1644	1700	-2
1645	1646	1
1645	1701	-2
1646	1647	1
1646	1702	2
1647	1648	-1
1647	1703	2
1648	1649	-2
1648	1704	-1
1649	1650	-1
1649	1705	2
1650	1651	-1
1650	1706	1
1651	1652	-1
1651	1707	-2
1652	1653	-1
1652	1708	2
1653	1654	1
1653	1709	1
1654	1655	-2
1654	1710	2
1655	1656	2
1655	1711	-1
1656	1657	2
1656	1712	2
1657	1658	1
1657	1713	2
1658	1659	1
1658	1714	2
1659	1660	-2
1659	1715	-1
1660	1661	1
1660	1716	2
1661	1662	2
1661	1717	-1
1662	1663	-1
1662	1718	2
1663	1664	-2
1663	1719	-1
1664	1665	-2
1664	1720	-1
1665	1666	-2
1665	1721	-2
1666	1667	2
1666	1722	-2
1667	1668	-2
1667	1723	-1
1668	1669	-1
1668	1724	2
1669	1670	-1
1669	1725	-2
1670	1671	-1
1670	1726	-2
1671	1672	1
1671	1727	1
1672	1673	-1
1672	1728	-1
1673	1674	1
1673	1729	1
1674	1675	1
1674	1730	-2
1675	1676	1
1675	1731	1
1676	1677	-1
1676	1732	-2
1677	1678	1
1677	1733	1
1678	1679	-1
1678	1734	-2
1679	1735	-2
1680	1681	-1
1680	1735	1
1680	1736	-1
1681	1682	2
1681	1737	-1
1682	1683	-1
1682	1738	-2
1683	1684	2
1683	1739	-2
1684	1685	-1
1684	1740	1
1685	1686	2
1685	1741	-1
1686	1687	2
1686	1742	2
1687	1688	-1
1687	1743	-1
1688	1689	-1
1688	1744	1
1689	1690	-1
1689	1745	-1
1690	1691	-1
1690	1746	2
1691	1692	2
1691	1747	-2
1692	1693	-1
1692	1748	-2
1693	1694	1
1693	1749	2
1694	1695	2
1694	1750	2
1695	1696	-1
1695	1751	-2
1696	1697	-2
1696	1752	1
1697	1698	-2
1697	1753	-1
1698	1699	-2
1698	1754	-1
1699	1700	-1
1699	1755	1
1700	1701	-1
1700	1756	2
1701	1702	2
1701	1757	-2
1702	1703	2
1702	1758	2
1703	1704	-2
1703	1759	-2
1704	1705	-2
1704	1760	-2
1705	1706	2
1705	1761	1
1706	1707	-1
1706	1762	-2
1707	1708	-1
1707	1763	-1
1708	1709	2
1708	1764	-1
1709	1710	-2
1709	1765	2
1710	1711	-1
1710	1766	1
1711	1712	2
1711	1767	-2
1712	1713	2
1712	1768	1
1713	1714	-2
1713	1769	1
1714	1715	-1
1714	1770	-2
1715	1716	-1
1715	1771	-2
1716	1717	-1
1716	1772	-2
1717	1718	1
1717	1773	-2
1718	1719	2
1718	1774	2
1719	1720	2
1719	1775	2
1720	1721	1
1720	1776	1
1721	1722	1
1721	1777	-1
1722	1723	-2
1722	1778	1
1723	1724	-1
1723	1779	1
1724	1725	-1
1724	1780	-1
1725	1726	2
1725	1781	-1
1726	1727	2
1726	1782	2
1727	1728	1
1727	1783	1
1728	1729	1
1728	1784	2
1729	1730	2
1729	1785	-1
1730	1731	1
1730	1786	1
1731	1732	2
1731	1787	1
1732	1733	1
1732	1788	-2
1733	1734	1
1733	1789	1
1734	1735	-2
1734	1790	-2
1735	1791	-1
1736	1737	1
1736	1791	2
1736	1792	2
1737	1738	2
1737	1793	1
1738	1739	1
1738	1794	-1
1739	1740	-2
1739	1795	1
1740	1741	-1
1740	1796	1
1741	1742	-2
1741	1797	1
1742	1743	2
1742	1798	2
1743	1744	2
1743	1799	-1
1744	1745	-1
1744	1800	1
1745	1746	-1
1745	1801	1
1746	1747	-1
1746	1802	-1
1747	1748	1
1747	1803	-1
1748	1749	-1
1748	1804	1
1749	1750	2
1749	1805	-1
1750	1751	1
1750	1806	1
1751	1752	-2
1751	1807	1
1752	1753	-2
1752	1808	1
1753	1754	1
1753	1809	-1
1754	1755	-2
1754	1810	-1
1755	1756	-1
1755	1811	2
1756	1757	-1
1756	1812	2
1757	1758	-2
1757	1813	1
1758	1759	1
1758	1814	-2
1759	1760	-1
1759	1815	1
1760	1761	-2
1760	1816	-1
1761	1762	1
1761	1817	-1
1762	1763	2
1762	1818	-1
1763	1764	-1
1763	1819	-2
1764	1765	1
1764	1820	-2
1765	1766	2
1765	1821	1
1766	1767	-2
1766	1822	-1
1767	1768	2
1767	1823	2
1768	1769	-1
1768	1824	1
1769	1770	2
1769	1825	-1
1770	1771	1
1770	1826	2
1771	1772	1
1771	1827	2
1772	1773	1
1772	1828	-1
1773	1774	2
1773	1829	-1
1774	1775	-1
1774	1830	-1
1775	1776	-1
1775	1831	-2
1776	1777	1
1776	1832	2
1777	1778	2
1777	1833	-1
1778	1779	2
1778	1834	2
1779	1780	-2
1779	1835	-1
1780	1781	1
1780	1836	1
1781	1782	-1
1781	1837	-2
1782	1783	-1
1782	1838	-1
1783	1784	-1
1783	1839	1
1784	1785	1
1784	1840	2
1785	1786	2
1785	1841	1
1786	1787	-1
1786	1842	-1
1787	1788	-1
1787	1843	2
1788	1789	2
1788	1844	1
1789	1790	1
1789	1845	1
1790	1791	1
1790	1846	1
1791	1847	-1
1792	1793	-2
1792	1847	1
1792	1848	2
1793	1794	2
1793	1849	2
1794	1795	2
1794	1850	-2
1795	1796	1
1795	1851	-1
1796	1797	2
1796	1852	-2
1797	1798	1
1797	1853	1
1798	1799	1
1798	1854	-1
1799	1800	2
1799	1855	-1
1800	1801	-2
1800	1856	-2
1801	1802	-1
1801	1857	-1
1802	1803	-2
1802	1858	-1
1803	1804	1
1803	1859	2
1804	1805	-1
1804	1860	-2
1805	1806	2
1805	1861	-2
1806	1807	-1
1806	1862	2
1807	1808	2
1807	1863	2
1808	1809	-2
1808	1864	2
1809	1810	-1
1809	1865	-1
1810	1811	2
1810	1866	2
1811	1812	1
1811	1867	2
1812	1813	1
1812	1868	-2
1813	1814	-2
1813	1869	1
1814	1815	-2
1814	1870	2
1815	1816	-1
1815	1871	-1
1816	1817	-2
1816	1872	-2
1817	1818	-2
1817	1873	2
1818	1819	-2
1818	1874	-2
1819	1820	1
1819	1875	-1
1820	1821	1
1820	1876	-1
1821	1822	2
1821	1877	-2
1822	1823	1
1822	1878	-2
1823	1824	-1
1823	1879	1
1824	1825	-1
1824	1880	2
1825	1826	2
1825	1881	-2
1826	1827	2
1826	1882	-1
1827	1828	2
1827	1883	-2
1828	1829	2
1828	1884	2
1829	1830	-2
1829	1885	1
1830	1831	-1
1830	1886	2
1831	1832	-1
1831	1887	-2
1832	1833	-1
1832	1888	-1
1833	1834	1
1833	1889	1
1834	1835	1
1834	1890	-2
1835	1836	-1
1835	1891	2
1836	1837	2
1836	1892	-2
1837	1838	2
1837	1893	-1
1838	1839	-2
1838	1894	-1
1839	1840	1
1839	1895	-1
1840	1841	-1
1840	1896	-1
1841	1842	1
1841	1897	-1
1842	1843	-1
1842	1898	2
1843	1844	2
1843	1899	1
1844	1845	-2
1844	1900	-2
1845	1846	-1
1845	1901	-2
1846	1847	-2
1846	1902	2
1847	1903	1
1848	1849	1
1848	1903	1
1848	1904	-1
1849	1850	-1
1849	1905	2
1850	1851	-2
1850	1906	-1
1851	1852	-2
1851	1907	-1
1852	1853	1
1852	1908	1
1853	1854	-2
1853	1909	2
1854	1855	-1
1854	1910	1
1855	1856	2
1855	1911	-1
1856	1857	2
1856	1912	-2
1857	1858	1
1857	1913	-1
1858	1859	-2
1858	1914	1
1859	1860	2
1859	1915	-2
1860	1861	1
1860	1916	2
1861	1862	-1
1861	1917	-1
1862	1863	2
1862	1918	1
1863	1864	-1
1863	1919	-2
1864	1865	-1
1864	1920	-2
1865	1866	-1
1865	1921	-1
1866	1867	-1
1866	1922	1
1867	1868	-2
1867	1923	2
1868	1869	2
1868	1924	-1
1869	1870	-2
1869	1925	-2
1870	1871	-1
1870	1926	1
1871	1872	2
1871	1927	2
1872	1873	-1
1872	1928	1
1873	1874	1
1873	1929	-1
1874	1875	1
1874	1930	1
1875	1876	2
1875	1931	-2
1876	1877	-2
1876	1932	1
1877	1878	-1
1877	1933	-2
1878	1879	1
1878	1934	-2
1879	1880	2
1879	1935	2
1880	1881	-1
1880	1936	1
1881	1882	-2
1881	1937	1
1882	1883	-2
1882	1938	-2
1883	1884	-1
1883	1939	-1
1884	1885	-1
1884	1940	-2
1885	1886	-2
1885	1941	-1
1886	1887	-1
1886	1942	2
1887	1888	2
1887	1943	2
1888	1889	-1
1888	1944	1
1889	1890	-1
1889	1945	1
1890	1891	1
1890	1946	-1
1891	1892	2
1891	1947	1
1892	1893	-1
1892	1948	1
1893	1894	-2
1893	1949	-1
1894	1895	2
1894	1950	-2
1895	1896	2
1895	1951	-2
1896	1897	1
1896	1952	-1
1897	1898	-2
1897	1953	1
1898	1899	2
1898	1954	1
1899	1900	-1
1899	1955	-2
1900	1901	1
1900	1956	1
1901	1902	-1
1901	1957	-1
1902	1903	1
1902	1958	2
1903	1959	-1
1904	1905	2
1904	1959	-2
1904	1960	-1
1905	1906	-2
1905	1961	2
1906	1907	-1
1906	1962	-1
1907	1908	-2
1907	1963	1
1908	1909	1
1908	1964	-1
1909	1910	2
1909	1965	1
1910	1911	1
1910	1966	1
1911	1912	-2
1911	1967	1
1912	1913	1
1912	1968	1
1913	1914	1
1913	1969	-1
1914	1915	2
1914	1970	1
1915	1916	1
1915	1971	-2
1916	1917	-2
1916	1972	1
1917	1918	-1
1917	1973	-2
1918	1919	2
1918	1974	-2
1919	1920	2
1919	1975	-1
1920	1921	-1
1920	1976	1
1921	1922	-1
1921	1977	-1
1922	1923	2
1922	1978	1
1923	1924	-2
1923	1979	-1
1924	1925	-2
1924	1980	-1
1925	1926	-2
1925	1981	2
1926	1927	2
1926	1982	-2
1927	1928	-2
1927	1983	2
1928	1929	-1
1928	1984	1
1929	1930	1
1929	1985	-1
1930	1931	1
1930	1986	1
1931	1932	1
1931	1987	-1
1932	1933	-2
1932	1988	2
1933	1934	1
1933	1989	-2
1934	1935	-1
1934	1990	1
1935	1936	-1
1935	1991	1
1936	1937	-2
1936	1992	-1
1937	1938	-2
1937	1993	2
1938	1939	2
1938	1994	-2
1939	1940	2
1939	1995	-1
1940	1941	-1
1940	1996	-1
1941	1942	-1
1941	1997	-1
1942	1943	-2
1942	1998	-2
1943	1944	-1
1943	1999	2
1944	1945	-1
1944	2000	-2
1945	1946	-1
1945	2001	-2
1946	1947	1
1946	2002	-1
1947	1948	-2
1947	2003	1
1948	1949	-1
1948	2004	2
1949	1950	2
1949	2005	1
1950	1951	1
1950	2006	1
1951	1952	-1
1951	2007	-2
1952	1953	-2
1952	2008	1
1953	1954	2
1953	2009	1
1954	1955	-2
1954	2010	1
1955	1956	-2
1955	2011	-2
1956	1957	1
1956	2012	1
1957	1958	-1
1957	2013	2
1958	1959	1
1958	2014	-2
1959	2015	-1
1960	1961	1
1960	2015	-2
1960	2016	-2
1961	1962	1
1961	2017	1
1962	1963	-1
1962	2018	-1
1963	1964	-1
1963	2019	2
1964	1965	1
1964	2020	1
1965	1966	1
1965	2021	1
1966	1967	-1
1966	2022	-1
1967	1968	-1
1967	2023	1
1968	1969	1
1968	2024	1
1969	1970	2
1969	2025	-1
1970	1971	2
1970	2026	-1
1971	1972	-2
1971	2027	-2
1972	1973	-2
1972	2028	1
1973	1974	-1
1973	2029	1
1974	1975	-2
1974	2030	1
1975	1976	-2
1975	2031	-1
1976	1977	-2
1976	2032	1
1977	1978	1
1977	2033	1
1978	1979	2
1978	2034	-2
1979	1980	2
1979	2035	-1
1980	1981	-1
1980	2036	1
1981	1982	2
1981	2037	-1
1982	1983	1
1982	2038	2
1983	1984	-1
1983	2039	-1
1984	1985	-1
1984	2040	-1
1985	1986	-2
1985	2041	-2
1986	1987	1
1986	2042	-1
1987	1988	1
1987	2043	-2
1988	1989	-1
1988	2044	-2
1989	1990	2
1989	2045	-2
1990	1991	1
1990	2046	1
1991	1992	2
1991	2047	1
1992	1993	-1
1992	2048	2
1993	1994	1
1993	2049	1
1994	1995	-1
1994	2050	-1
1995	1996	1
1995	2051	1
1996	1997	1
1996	2052	-1
1997	1998	-2
1997	2053	-2
1998	1999	-1
1998	2054	-1
1999	2000	1
1999	2055	1
2000	2001	2
2000	2056	-1
2001	2002	-2
2001	2057	-1
2002	2003	1
2002	2058	-1
2003	2004	-2
2003	2059	1
2004	2005	1
2004	2060	2
2005	2006	1
2005	2061	1
2006	2007	1
2006	2062	1
2007	2008	1
2007	2063	1
2008	2009	2
2008	2064	1
2009	2010	2
2009	2065	-2
2010	2011	-2
2010	2066	1
2011	2012	1
2011	2067	2
2012	2013	-2
2012	2068	-2
2013	2014	-1
2013	2069	1
2014	2015	-2
2014	2070	-2
2015	2071	-2
2016	2017	2
2016	2071	1
2016	2072	1
2017	2018	1
2017	2073	1
2018	2019	-2
2018	2074	-1
2019	2020	2
2019	2075	2
2020	2021	-1
2020	2076	1
2021	2022	1
2021	2077	1
2022	2023	-2
2022	2078	1
2023	2024	1
2023	2079	-1
2024	2025	2
2024	2080	1
2025	2026	-2
2025	2081	2
2026	2027	-1
2026	2082	-1
2027	2028	-1
2027	2083	-1
2028	2029	-2
2028	2084	-1
2029	2030	2
2029	2085	-1
2030	2031	2
2030	2086	1
2031	2032	-2
2031	2087	2
2032	2033	1
2032	2088	1
2033	2034	2
2033	2089	-2
2034	2035	-1
2034	2090	-1
2035	2036	2
2035	2091	-2
2036	2037	1
2036	2092	1
2037	2038	1
2037	2093	-1
2038	2039	-2
2038	2094	1
2039	2040	1
2039	2095	-1
2040	2041	-2
2040	2096	-2
2041	2042	1
2041	2097	-1
2042	2043	1
2042	2098	2
2043	2044	-1
2043	2099	-1
2044	2045	-1
2044	2100	-2
2045	2046	1
2045	2101	-2
2046	2047	1
2046	2102	-1
2047	2048	-1
2047	2103	1
2048	2049	-1
2048	2104	-2
2049	2050	1
2049	2105	-2
2050	2051	1
2050	2106	-2
2051	2052	1
2051	2107	-2
2052	2053	-1
2052	2108	-2
2053	2054	1
2053	2109	1
2054	2055	2
2054	2110	-1
2055	2056	1
2055	2111	2
2056	2057	-2
2056	2112	-1
2057	2058	2
2057	2113	2
2058	2059	-1
2058	2114	-1
2059	2060	2
2059	2115	-1
2060	2061	-2
2060	2116	-2
2061	2062	-1
2061	2117	2
2062	2063	-2
2062	2118	-1
2063	2064	-1
2063	2119	-2
2064	2065	2
2064	2120	-1
2065	2066	1
2065	2121	-2
2066	2067	-1
2066	2122	1
2067	2068	1
2067	2123	1
2068	2069	1
2068	2124	1
2069	2070	-2
2069	2125	-1
2070	2071	-2
2070	2126	2
2071	2127	-2
2072	2073	-1
2072	2127	2
2072	2128	-1
2073	2074	-1
2073	2129	-1
2074	2075	-2
2074	2130	1
2075	2076	1
2075	2131	-2
2076	2077	1
2076	2132	1
2077	2078	-1
2077	2133	2
2078	2079	-2
2078	2134	-2
2079	2080	2
2079	2135	1
2080	2081	-1
2080	2136	-1
2081	2082	2
2081	2137	-2
2082	2083	2
2082	2138	-2
2083	2084	-2
2083	2139	-1
2084	2085	2
2084	2140	-1
2085	2086	-1
2085	2141	-2
2086	2087	-1
2086	2142	-1
2087	2088	1
2087	2143	-1
2088	2089	2
2088	2144	-1
2089	2090	-1
2089	2145	1
2090	2091	1
2090	2146	-2
2091	2092	-1
2091	2147	-1
2092	2093	1
2092	2148	1
2093	2094	-2
2093	2149	-1
2094	2095	-1
2094	2150	-2
2095	2096	1
2095	2151	-1
2096	2097	1
2096	2152	2
2097	2098	2
2097	2153	-1
2098	2099	2
2098	2154	-2
2099	2100	1
2099	2155	-1
2100	2101	2
2100	2156	1
2101	2102	-1
2101	2157	-2
2102	2103	1
2102	2158	1
2103	2104	-1
2103	2159	-2
2104	2105	1
2104	2160	-2
2105	2106	-2
2105	2161	1
2106	2107	-2
2106	2162	1
2107	2108	2
2107	2163	2
2108	2109	-2
2108	2164	1
2109	2110	2
2109	2165	1
2110	2111	1
2110	2166	-1
2111	2112	1
2111	2167	1
2112	2113	-2
2112	2168	2
2113	2114	-1
2113	2169	1
2114	2115	1
2114	2170	1
2115	2116	-1
2115	2171	-1
2116	2117	-1
2116	2172	-2
2117	2118	2
2117	2173	-1
2118	2119	2
2118	2174	2
2119	2120	2
2119	2175	-2
2120	2121	-2
2120	2176	2
2121	2122	1
2121	2177	2
2122	2123	1
2122	2178	-2
2123	2124	-1
2123	2179	-1
2124	2125	1
2124	2180	1
2125	2126	2
2125	2181	1
2126	2127	-1
2126	2182	-1
2127	2183	-1
2128	2129	2
2128	2183	-1
2128	2184	2
2129	2130	-1
2129	2185	1
2130	2131	-1
2130	2186	-1
2131	2132	2
2131	2187	1
2132	2133	1
2132	2188	1
2133	2134	-1
2133	2189	-1
2134	2135	2
2134	2190	-1
2135	2136	2
2135	2191	2
2136	2137	-2
2136	2192	1
2137	2138	-1
2137	2193	-2
2138	2139	1
2138	2194	1
2139	2140	2
2139	2195	2
2140	2141	-1
2140	2196	-2
2141	2142	2
2141	2197	1
2142	2143	-1
2142	2198	2
2143	2144	-2
2143	2199	-2
2144	2145	-2
2144	2200	1
2145	2146	-2
2145	2201	1
2146	2147	-1
2146	2202	-1
2147	2148	-1
2147	2203	1
2148	2149	-1
2148	2204	-1
2149	2150	2
2149	2205	-2
2150	2151	2
2150	2206	-1
2151	2152	2
2151	2207	-2
2152	2153	1
2152	2208	-2
2153	2154	-1
2153	2209	-1
2154	2155	-1
2154	2210	-1
2155	2156	1
2155	2211	-1
2156	2157	1
2156	2212	2
2157	2158	-2
2157	2213	2
2158	2159	-1
2158	2214	-2
2159	2160	1
2159	2215	1
2160	2161	2
2160	2216	2
2161	2162	2
2161	2217	1
2162	2163	-1
2162	2218	1
2163	2164	-2
2163	2219	1
2164	2165	-2
2164	2220	-1
2165	2166	1
2165	2221	2
2166	2167	-2
2166	2222	-2
2167	2168	-2
2167	2223	-2
2168	2169	-1
2168	2224	-1
2169	2170	1
2169	2225	1
2170	2171	1
2170	2226	2
2171	2172	2
2171	2227	1
2172	2173	1
2172	2228	-2
2173	2174	1
2173	2229	-2
2174	2175	-2
2174	2230	1
2175	2176	1
2175	2231	-2
2176	2177	1
2176	2232	2
2177	2178	1
2177	2233	1
2178	2179	2
2178	2234	1
2179	2180	-1
2179	2235	-1
2180	2181	-2
2180	2236	-1
2181	2182	2
2181	2237	-1
2182	2183	-1
2182	2238	1
2183	2239	1
2184	2185	-1
2184	2239	-2
2184	2240	2
2185	2186	2
2185	2241	-1
2186	2187	-1
2186	2242	2
2187	2188	1
2187	2243	-1
2188	2189	2
2188	2244	1
2189	2190	-1
2189	2245	2
2190	2191	1
2190	2246	1
2191	2192	2
2191	2247	1
2192	2193	-1
2192	2248	-2
2193	2194	-1
2193	2249	1
2194	2195	-2
2194	2250	1
2195	2196	1
2195	2251	2
2196	2197	-2
2196	2252	-1
2197	2198	1
2197	2253	1
2198	2199	-2
2198	2254	-2
2199	2200	-1
2199	2255	1
2200	2201	2
2200	2256	1
2201	2202	-1
2201	2257	-1
2202	2203	-1
2202	2258	-2
2203	2204	1
2203	2259	1
2204	2205	1
2204	2260	1
2205	2206	2
2205	2261	2
2206	2207	-1
2206	2262	-1
2207	2208	2
2207	2263	2
2208	2209	-2
2208	2264	-1
2209	2210	-1
2209	2265	2
2210	2211	1
2210	2266	-2
2211	2212	2
2211	2267	-2
2212	2213	-2
2212	2268	-1
2213	2214	-1
2213	2269	2
2214	2215	-2
2214	2270	1
2215	2216	1
2215	2271	-1
2216	2217	-2
2216	2272	2
2217	2218	1
2217	2273	1
2218	2219	1
2218	2274	2
2219	2220	-1
2219	2275	-1
2220	2221	-1
2220	2276	1
2221	2222	-1
2221	2277	-1
2222	2223	1
2222	2278	1
2223	2224	-1
2223	2279	-1
2224	2225	-1
2224	2280	-1
2225	2226	1
2225	2281	-2
2226	2227	-2
2226	2282	2
2227	2228	2
2227	2283	-1
2228	2229	-1
2228	2284	-1
2229	2230	2
2229	2285	1
2230	2231	-1
2230	2286	2
2231	2232	2
2231	2287	2
2232	2233	-2
2232	2288	2
2233	2234	2
2233	2289	1
2234	2235	2
2234	2290	2
2235	2236	2
2235	2291	1
2236	2237	2
2236	2292	2
2237	2238	2
2237	2293	-1
2238	2239	1
2238	2294	-1
2239	2295	-1
2240	2241	1
2240	2295	-2
2240	2296	-1
2241	2242	1
2241	2297	1
2242	2243	-1
2242	2298	2
2243	2244	1
2243	2299	2
2244	2245	-2
2244	2300	1
2245	2246	2
2245	2301	2
2246	2247	1
2246	2302	-2
2247	2248	1
2247	2303	2
2248	2249	1
2248	2304	-2
2249	2250	1
2249	2305	-1
2250	2251	-2
2250	2306	-1
2251	2252	2
2251	2307	-1
2252	2253	1
2252	2308	1
2253	2254	2
2253	2309	2
2254	2255	2
2254	2310	1
2255	2256	1
2255	2311	-2
2256	2257	2
2256	2312	-2
2257	2258	2
2257	2313	1
2258	2259	-2
2258	2314	-1
2259	2260	-1
2259	2315	2
2260	2261	-2
2260	2316	-1
2261	2262	2
2261	2317	-2
2262	2263	1
2262	2318	1
2263	2264	2
2263	2319	2
2264	2265	-2
2264	2320	1
2265	2266	-2
2265	2321	1
2266	2267	2
2266	2322	2
2267	2268	-1
2267	2323	2
2268	2269	-2
2268	2324	-1
2269	2270	2
2269	2325	2
2270	2271	1
2270	2326	2
2271	2272	2
2271	2327	-2
2272	2273	-2
2272	2328	2
2273	2274	-2
2273	2329	2
2274	2275	1
2274	2330	-2
2275	2276	-1
2275	2331	-2
2276	2277	2
2276	2332	-1
2277	2278	-1
2277	2333	2
2278	2279	2
2278	2334	-1
2279	2280	2
2279	2335	-2
2280	2281	1
2280	2336	2
2281	2282	1
2281	2337	1
2282	2283	1
2282	2338	1
2283	2284	-2
2283	2339	1
2284	2285	2
2284	2340	-2
2285	2286	-1
2285	2341	2
2286	2287	-1
2286	2342	-1
2287	2288	-1
2287	2343	-2
2288	2289	-2
2288	2344	-1
2289	2290	-1
2289	2345	1
2290	2291	1
2290	2346	-2
2291	2292	-1
2291	2347	1
2292	2293	-1
2292	2348	1
2293	2294	-2
2293	2349	1
2294	2295	2
2294	2350	-1
2295	2351	-1
2296	2297	1
2296	2351	1
2296	2352	-2
2297	2298	1
2297	2353	1
2298	2299	1
2298	2354	2
2299	2300	-2
2299	2355	-1
2300	2301	1
2300	2356	1
2301	2302	-2
2301	2357	2
2302	2303	1
2302	2358	-2
2303	2304	-1
2303	2359	-1
2304	2305	-2
2304	2360	1
2305	2306	-1
2305	2361	1
2306	2307	1
2306	2362	1
2307	2308	-2
2307	2363	1
2308	2309	-2
2308	2364	2
2309	2310	2
2309	2365	-1
2310	2311	1
2310	2366	-2
2311	2312	-1
2311	2367	-1
2312	2313	1
2312	2368	-1
2313	2314	-1
2313	2369	1
2314	2315	-1
2314	2370	-1
2315	2316	1
2315	2371	-1
2316	2317	2
2316	2372	-1
2317	2318	2
2317	2373	1
2318	2319	-1
2318	2374	2
2319	2320	2
2319	2375	2
2320	2321	2
2320	2376	1
2321	2322	-1
2321	2377	-1
2322	2323	-1
2322	2378	2
2323	2324	1
2323	2379	2
2324	2325	-2
2324	2380	-2
2325	2326	-1
2325	2381	-2
2326	2327	1
2326	2382	2
2327	2328	-2
2327	2383	1
2328	2329	1
2328	2384	-2
2329	2330	1
2329	2385	-1
2330	2331	-2
2330	2386	-1
2331	2332	2
2331	2387	1
2332	2333	2
2332	2388	1
2333	2334	2
2333	2389	1
2334	2335	-1
2334	2390	-2
2335	2336	-1
2335	2391	-1
2336	2337	-1
2336	2392	1
2337	2338	1
2337	2393	1
2338	2339	-1
2338	2394	-1
2339	2340	-1
2339	2395	-1
2340	2341	1
2340	2396	-2
2341	2342	-2
2341	2397	2
2342	2343	2
2342	2398	2
2343	2344	2
2343	2399	-2
2344	2345	-2
2344	2400	2
2345	2346	1
2345	2401	1
2346	2347	1
2346	2402	1
2347	2348	1
2347	2403	2
2348	2349	1
2348	2404	2
2349	2350	-2
2349	2405	2
2350	2351	-2
2350	2406	-1
2351	2407	1
2352	2353	-1
2352	2407	2
2352	2408	-1
2353	2354	-2
2353	2409	-1
2354	2355	2
2354	2410	-2
2355	2356	-2
2355	2411	1
2356	2357	2
2356	2412	-2
2357	2358	-1
2357	2413	-1
2358	2359	1
2358	2414	1
2359	2360	-2
2359	2415	-2
2360	2361	2
2360	2416	2
2361	2362	1
2361	2417	1
2362	2363	1
2362	2418	2
2363	2364	2
2363	2419	1
2364	2365	1
2364	2420	2
2365	2366	-2
2365	2421	-1
2366	2367	1
2366	2422	2
2367	2368	1
2367	2423	-2
2368	2369	-1
2368	2424	2
2369	2370	-1
2369	2425	1
2370	2371	-1
2370	2426	1
2371	2372	-1
2371	2427	-1
2372	2373	2
2372	2428	-1
2373	2374	-2
2373	2429	1
2374	2375	-1
2374	2430	-2
2375	2376	-1
2375	2431	-2
2376	2377	-1
2376	2432	2
2377	2378	-2
2377	2433	2
2378	2379	2
2378	2434	1
2379	2380	2
2379	2435	-2
2380	2381	-2
2380	2436	1
2381	2382	-2
2381	2437	-1
2382	2383	-1
2382	2438	-2
2383	2384	-2
2383	2439	-2
2384	2385	2
2384	2440	2
2385	2386	-1
2385	2441	2
2386	2387	-1
2386	2442	-2
2387	2388	-2
2387	2443	-2
2388	2389	-2
2388	2444	-2
2389	2390	1
2389	2445	2
2390	2391	-1
2390	2446	2
2391	2392	-1
2391	2447	1
2392	2393	1
2392	2448	2
2393	2394	1
2393	2449	-2
2394	2395	-1
2394	2450	-1
2395	2396	2
2395	2451	2
2396	2397	1
2396	2452	-1
2397	2398	1
2397	2453	1
2398	2399	-1
2398	2454	-1
2399	2400	1
2399	2455	-1
2400	2401	-1
2400	2456	-1
2401	2402	-1
2401	2457	-2
2402	2403	-2
2402	2458	-1
2403	2404	-1
2403	2459	2
2404	2405	-1
2404	2460	1
2405	2406	-2
2405	2461	1
2406	2407	-2
2406	2462	-1
2407	2463	-1
2408	2409	1
2408	2463	2
2408	2464	2
2409	2410	2
2409	2465	-2
2410	2411	1
2410	2466	-1
2411	2412	-2
2411	2467	-1
2412	2413	-1
2412	2468	-2
2413	2414	-1
2413	2469	-2
2414	2415	2
2414	2470	-2
2415	2416	2
2415	2471	1
2416	2417	-2
2416	2472	2
2417	2418	-1
2417	2473	-2
2418	2419	-1
2418	2474	-1
2419	2420	1
2419	2475	-1
2420	2421	2
2420	2476	2
2421	2422	-1
2421	2477	1
2422	2423	1
2422	2478	-2
2423	2424	1
2423	2479	1
2424	2425	2
2424	2480	-1
2425	2426	-1
2425	2481	-1
2426	2427	-1
2426	2482	-1
2427	2428	-2
2427	2483	-2
2428	2429	2
2428	2484	-1
2429	2430	2
2429	2485	2
2430	2431	1
2430	2486	-1
2431	2432	2
2431	2487	-2
2432	2433	1
2432	2488	-1
2433	2434	1
2433	2489	-1
2434	2435	1
2434	2490	2
2435	2436	1
2435	2491	-2
2436	2437	-1
2436	2492	-2
2437	2438	-1
2437	2493	2
2438	2439	1
2438	2494	-2
2439	2440	2
2439	2495	-2
2440	2441	-1
2440	2496	-2
2441	2442	-1
2441	2497	2
2442	2443	2
2442	2498	2
2443	2444	-1
2443	2499	-2
2444	2445	-1
2444	2500	-1
2445	2446	1
2445	2501	1
2446	2447	1
2446	2502	1
2447	2448	-2
2447	2503	-2
2448	2449	2
2448	2504	-1
2449	2450	1
2449	2505	1
2450	2451	-2
2450	2506	-2
2451	2452	-2
2451	2507	-1
2452	2453	1
2452	2508	-1
2453	2454	1
2453	2509	1
2454	2455	1
2454	2510	1
2455	2456	1
2455	2511	-1
2456	2457	1
2456	2512	1
2457	2458	-2
2457	2513	-1
2458	2459	-1
2458	2514	-1
2459	2460	-2
2459	2515	1
2460	2461	1
2460	2516	2
2461	2462	1
2461	2517	2
2462	2463	2
2462	2518	1
2463	2519	1
2464	2465	-2
2464	2519	-1
2464	2520	-2
2465	2466	-1
2465	2521	-2
2466	2467	-2
2466	2522	-1
2467	2468	1
2467	2523	-2
2468	2469	-1
2468	2524	2
2469	2470	1
2469	2525	-1
2470	2471	1
2470	2526	-1
2471	2472	-2
2471	2527	2
2472	2473	2
2472	2528	-1
2473	2474	2
2473	2529	2
2474	2475	-1
2474	2530	-2
2475	2476	1
2475	2531	-1
2476	2477	2
2476	2532	-1
2477	2478	-2
2477	2533	1
2478	2479	1
2478	2534	2
2479	2480	1
2479	2535	-1
2480	2481	2
2480	2536	-2
2481	2482	1
2481	2537	1
2482	2483	-2
2482	2538	-1
2483	2484	1
2483	2539	-2
2484	2485	1
2484	2540	-2
2485	2486	1
2485	2541	2
2486	2487	1
2486	2542	1
2487	2488	-2
2487	2543	1
2488	2489	1
2488	2544	-2
2489	2490	2
2489	2545	1
2490	2491	1
2490	2546	-1
2491	2492	-2
2491	2547	-2
2492	2493	-2
2492	2548	-1
2493	2494	-1
2493	2549	-2
2494	2495	-1
2494	2550	-1
2495	2496	-1
2495	2551	-1
2496	2497	-1
2496	2552	2
2497	2498	1
2497	2553	1
2498	2499	-2
2498	2554	-2
2499	2500	2
2499	2555	1
2500	2501	2
2500	2556	-1
2501	2502	-1
2501	2557	1
2502	2503	1
2502	2558	-2
2503	2504	1
2503	2559	1
2504	2505	1
2504	2560	-1
2505	2506	2
2505	2561	-2
2506	2507	2
2506	2562	-1
2507	2508	2
2507	2563	-2
2508	2509	-2
2508	2564	-1
2509	2510	-1
2509	2565	-2
2510	2511	1
2510	2566	2
2511	2512	1
2511	2567	1
2512	2513	-2
2512	2568	2
2513	2514	1
2513	2569	-2
2514	2515	-1
2514	2570	1
2515	2516	2
2515	2571	-2
2516	2517	1
2516	2572	-2
2517	2518	-1
2517	2573	2
2518	2519	-1
2518	2574	1
2519	2575	1
2520	2521	1
2520	2575	-2
2520	2576	1
2521	2522	-1
2521	2577	-1
2522	2523	2
2522	2578	1
2523	2524	-1
2523	2579	1
2524	2525	-2
2524	2580	-2
2525	2526	2
2525	2581	-1
2526	2527	2
2526	2582	-1
2527	2528	-2
2527	2583	1
2528	2529	1
2528	2584	-1
2529	2530	-1
2529	2585	1
2530	2531	2
2530	2586	1
2531	2532	2
2531	2587	-1
2532	2533	1
2532	2588	2
2533	2534	-2
2533	2589	-1
2534	2535	2
2534	2590	2
2535	2536	-1
2535	2591	2
2536	2537	2
2536	2592	-2
2537	2538	1
2537	2593	-1
2538	2539	1
2538	2594	-1
2539	2540	-1
2539	2595	-1
2540	2541	1
2540	2596	-1
2541	2542	-2
2541	2597	1
2542	2543	-1
2542	2598	-1
2543	2544	1
2543	2599	-2
2544	2545	2
2544	2600	2
2545	2546	-1
2545	2601	-1
2546	2547	-2
2546	2602	1
2547	2548	1
2547	2603	-1
2548	2549	1
2548	2604	1
2549	2550	-2
2549	2605	2
2550	2551	1
2550	2606	1
2551	2552	1
2551	2607	-2
2552	2553	2
2552	2608	2
2553	2554	2
2553	2609	-1
2554	2555	-2
2554	2610	-2
2555	2556	-1
2555	2611	2
2556	2557	1
2556	2612	2
2557	2558	1
2557	2613	1
2558	2559	2
2558	2614	1
2559	2560	1
2559	2615	1
2560	2561	-2
2560	2616	1
2561	2562	1
2561	2617	-2
2562	2563	-1
2562	2618	1
2563	2564	1
2563	2619	-1
2564	2565	2
2564	2620	2
2565	2566	-1
2565	2621	1
2566	2567	-2
2566	2622	-2
2567	2568	2
2567	2623	1
2568	2569	-1
2568	2624	-1
2569	2570	2
2569	2625	1
2570	2571	-2
2570	2626	1
2571	2572	2
2571	2627	2
2572	2573	1
2572	2628	1
2573	2574	2
2573	2629	-2
2574	2575	1
2574	2630	-1
2575	2631	1
2576	2577	-1
2576	2631	2
2576	2632	-1
2577	2578	-1
2577	2633	1
2578	2579	-1
2578	2634	-1
2579	2580	-2
2579	2635	-1
2580	2581	-1
2580	2636	2
2581	2582	-2
2581	2637	2
2582	2583	2
2582	2638	-1
2583	2584	-2
2583	2639	1
2584	2585	1
2584	2640	-2
2585	2586	1
2585	2641	-2
2586	2587	-1
2586	2642	1
2587	2588	1
2587	2643	-1
2588	2589	1
2588	2644	-2
2589	2590	-2
2589	2645	1
2590	2591	1
2590	2646	-1
2591	2592	-2
2591	2647	2
2592	2593	2
2592	2648	-1
2593	2594	-1
2593	2649	2
2594	2595	1
2594	2650	-2
2595	2596	1
2595	2651	1
2596	2597	-1
2596	2652	-1
2597	2598	-2
2597	2653	2
2598	2599	1
2598	2654	-2
2599	2600	1
2599	2655	-2
2600	2601	-2
2600	2656	-1
2601	2602	-1
2601	2657	2
2602	2603	1
2602	2658	1
2603	2604	1
2603	2659	1
2604	2605	-1
2604	2660	1
2605	2606	1
2605	2661	2
2606	2607	-2
2606	2662	1
2607	2608	2
2607	2663	-2
2608	2609	-2
2608	2664	1
2609	2610	-1
2609	2665	-2
2610	2611	-1
2610	2666	-1
2611	2612	1
2611	2667	1
2612	2613	2
2612	2668	-2
2613	2614	-1
2613	2669	-1
2614	2615	2
2614	2670	1
2615	2616	-1
2615	2671	-2
2616	2617	1
2616	2672	2
2617	2618	2
2617	2673	1
2618	2619	-1
2618	2674	-2
2619	2620	2
2619	2675	-1
2620	2621	2
2620	2676	2
2621	2622	-2
2621	2677	1
2622	2623	1
2622	2678	-2
2623	2624	2
2623	2679	2
2624	2625	-1
2624	2680	2
2625	2626	-1
2625	2681	2
2626	2627	-1
2626	2682	1
2627	2628	-2
2627	2683	1
2628	2629	-1
2628	2684	-2
2629	2630	-1
2629	2685	-2
2630	2631	1
2630	2686	-2
2631	2687	-1
2632	2633	-1
2632	2687	2
2632	2688	-1
2633	2634	-1
2633	2689	-1
2634	2635	1
2634	2690	-1
2635	2636	2
2635	2691	1
2636	2637	1
2636	2692	-1
2637	2638	-1
2637	2693	-2
2638	2639	2
2638	2694	1
2639	2640	1
2639	2695	2
2640	2641	-2
2640	2696	2
2641	2642	-2
2641	2697	1
2642	2643	-1
2642	2698	-2
2643	2644	-2
2643	2699	1
2644	2645	2
2644	2700	2
2645	2646	-2
2645	2701	-2
2646	2647	2
2646	2702	2
2647	2648	2
2647	2703	1
2648	2649	1
2648	2704	-2
2649	2650	1
2649	2705	1
2650	2651	2
2650	2706	2
2651	2652	2
2651	2707	-1
2652	2653	-2
2652	2708	-1
2653	2654	2
2653	2709	2
2654	2655	-2
2654	2710	-2
2655	2656	2
2655	2711	-2
2656	2657	-2
2656	2712	1
2657	2658	2
2657	2713	-2
2658	2659	-1
2658	2714	1
2659	2660	-1
2659	2715	1
2660	2661	2
2660	2716	-1
2661	2662	-2
2661	2717	1
2662	2663	-1
2662	2718	1
2663	2664	-2
2663	2719	-2
2664	2665	-1
2664	2720	1
2665	2666	-1
2665	2721	2
2666	2667	-1
2666	2722	1
2667	2668	1
2667	2723	-2
2668	2669	-1
2668	2724	2
2669	2670	-1
2669	2725	1
2670	2671	2
2670	2726	-2
2671	2672	2
2671	2727	2
2672	2673	-2
2672	2728	-1
2673	2674	2
2673	2729	-2
2674	2675	2
2674	2730	-1
2675	2676	-1
2675	2731	2
2676	2677	-1
2676	2732	-1
2677	2678	2
2677	2733	-1
2678	2679	1
2678	2734	2
2679	2680	2
2679	2735	-2
2680	2681	1
2680	2736	-1
2681	2682	-1
2681	2737	1
2682	2683	1
2682	2738	-1
2683	2684	-1
2683	2739	-1
2684	2685	1
2684	2740	1
2685	2686	1
2685	2741	1
2686	2687	-2
2686	2742	-1
2687	2743	-2
2688	2689	1
2688	2743	-1
2688	2744	-2
2689	2690	1
2689	2745	-1
2690	2691	-1
2690	2746	-2
2691	2692	1
2691	2747	1
2692	2693	2
2692	2748	-1
2693	2694	-1
2693	2749	2
2694	2695	1
2694	2750	-1
2695	2696	-2
2695	2751	-1
2696	2697	1
2696	2752	-2
2697	2698	-2
2697	2753	-2
2698	2699	-2
2698	2754	-1
2699	2700	2
2699	2755	2
2700	2701	-1
2700	2756	-1
2701	2702	-1
2701	2757	1
2702	2703	-1
2702	2758	2
2703	2704	1
2703	2759	-1
2704	2705	-2
2704	2760	-1
2705	2706	-2
2705	2761	2
2706	2707	-1
2706	2762	-1
2707	2708	-1
2707	2763	1
2708	2709	2
2708	2764	2
2709	2710	1
2709	2765	-1
2710	2711	-1
2710	2766	1
2711	2712	2
2711	2767	2
2712	2713	-2
2712	2768	2
2713	2714	1
2713	2769	1
2714	2715	2
2714	2770	1
2715	2716	-1
2715	2771	1
2716	2717	-1
2716	2772	1
2717	2718	2
2717	2773	-2
2718	2719	-1
2718	2774	-1
2719	2720	-2
2719	2775	-1
2720	2721	-2
2720	2776	2
2721	2722	1
2721	2777	1
2722	2723	1
2722	2778	1
2723	2724	1
2723	2779	1
2724	2725	-2
2724	2780	-2
2725	2726	-2
2725	2781	1
2726	2727	-1
2726	2782	-1
2727	2728	1
2727	2783	-1
2728	2729	-2
2728	2784	-2
2729	2730	-2
2729	2785	1
2730	2731	1
2730	2786	2
2731	2732	-1
2731	2787	1
2732	2733	-1
2732	2788	1
2733	2734	2
2733	2789	1
2734	2735	1
2734	2790	1
2735	2736	-1
2735	2791	1
2736	2737	-2
2736	2792	1
2737	2738	-1
2737	2793	1
2738	2739	-1
2738	2794	-2
2739	2740	-1
2739	2795	1
2740	2741	1
2740	2796	-2
2741	2742	1
2741	2797	2
2742	2743	2
2742	2798	-1
2743	2799	-1
2744	2745	-2
2744	2799	1
2744	2800	2
2745	2746	1
2745	2801	2
2746	2747	-1
2746	2802	2
2747	2748	1
2747	2803	-1
2748	2749	1
2748	2804	1
2749	2750	2
2749	2805	-1
2750	2751	-1
2750	2806	-1
2751	2752	2
2751	2807	1
2752	2753	-1
2752	2808	-1
2753	2754	1
2753	2809	1
2754	2755	-2
2754	2810	-1
2755	2756	-1
2755	2811	1
2756	2757	-1
2756	2812	-1
2757	2758	1
2757	2813	-1
2758	2759	-2
2758	2814	2
2759	2760	2
2759	2815	1
2760	2761	-1
2760	2816	-1
2761	2762	2
2761	2817	-1
2762	2763	-2
2762	2818	-2
2763	2764	1
2763	2819	-2
2764	2765	1
2764	2820	1
2765	2766	1
2765	2821	2
2766	2767	2
2766	2822	1
2767	2768	2
2767	2823	-2
2768	2769	1
2768	2824	1
2769	2770	2
2769	2825	-2
2770	2771	-2
2770	2826	1
2771	2772	-1
2771	2827	-1
2772	2773	-2
2772	2828	1
2773	2774	1
2773	2829	-1
2774	2775	1
2774	2830	-1
2775	2776	2
2775	2831	-2
2776	2777	2
2776	2832	1
2777	2778	2
2777	2833	-2
2778	2779	-2
2778	2834	1
2779	2780	-1
2779	2835	-1
2780	2781	-2
2780	2836	2
2781	2782	-2
2781	2837	2
2782	2783	1
2782	2838	-1
2783	2784	-2
2783	2839	2
2784	2785	-1
2784	2840	2
2785	2786	1
2785	2841	-2
2786	2787	-2
2786	2842	1
2787	2788	2
2787	2843	1
2788	2789	1
2788	2844	-2
2789	2790	1
2789	2845	-1
2790	2791	-1
2790	2846	2
2791	2792	2
2791	2847	2
2792	2793	2
2792	2848	1
2793	2794	-2
2793	2849	2
2794	2795	-2
2794	2850	1
2795	2796	-1
2795	2851	-1
2796	2797	1
2796	2852	-2
2797	2798	-2
2797	2853	2
2798	2799	-2
2798	2854	1
2799	2855	-2
2800	2801	-2
2800	2855	1
2800	2856	2
2801	2802	-1
2801	2857	-1
2802	2803	2
2802	2858	-2
2803	2804	2
2803	2859	-1
2804	2805	1
2804	2860	-1
2805	2806	-2
2805	2861	2
2806	2807	-1
2806	2862	-1
2807	2808	1
2807	2863	-1
2808	2809	-1
2808	2864	-2
2809	2810	1
2809	2865	1
2810	2811	2
2810	2866	1
2811	2812	-1
2811	2867	2
2812	2813	1
2812	2868	-1
2813	2814	2
2813	2869	-1
2814	2815	-1
2814	2870	-2
2815	2816	1
2815	2871	-2
2816	2817	2
2816	2872	1
2817	2818	-2
2817	2873	1
2818	2819	-2
2818	2874	-2
2819	2820	2
2819	2875	-2
2820	2821	-1
2820	2876	1
2821	2822	-2
2821	2877	1
2822	2823	1
2822	2878	-1
2823	2824	2
2823	2879	2
2824	2825	-2
2824	2880	-2
2825	2826	2
2825	2881	2
2826	2827	-2
2826	2882	1
2827	2828	-1
2827	2883	-1
2828	2829	2
2828	2884	-1
2829	2830	-1
2829	2885	1
2830	2831	-2
2830	2886	-2
2831	2832	1
2831	2887	2
2832	2833	1
2832	2888	-2
2833	2834	2
2833	2889	2
2834	2835	1
2834	2890	-1
2835	2836	-2
2835	2891	1
2836	2837	-2
2836	2892	-2
2837	2838	-1
2837	2893	2
2838	2839	-2
2838	2894	-2
2839	2840	1
2839	2895	-2
2840	2841	-1
2840	2896	1
2841	2842	2
2841	2897	-1
2842	2843	-1
2842	2898	2
2843	2844	1
2843	2899	2
2844	2845	-2
2844	2900	-1
2845	2846	2
2845	2901	1
2846	2847	2
2846	2902	-1
2847	2848	-1
2847	2903	1
2848	2849	1
2848	2904	-1
2849	2850	1
2849	2905	1
2850	2851	-1
2850	2906	1
2851	2852	2
2851	2907	-1
2852	2853	-2
2852	2908	2
2853	2854	2
2853	2909	-1
2854	2855	-1
2854	2910	1
2855	2911	-2
2856	2857	-2
2856	2911	-2
2856	2912	-2
2857	2858	-1
2857	2913	2
2858	2859	-1
2858	2914	1
2859	2860	1
2859	2915	-2
2860	2861	2
2860	2916	-2
2861	2862	-1
2861	2917	1
2862	2863	1
2862	2918	-1
2863	2864	2
2863	2919	-2
2864	2865	-2
2864	2920	1
2865	2866	1
2865	2921	2
2866	2867	-2
2866	2922	2
2867	2868	-1
2867	2923	-1
2868	2869	-1
2868	2924	-1
2869	2870	2
2869	2925	-2
2870	2871	1
2870	2926	-2
2871	2872	-2
2871	2927	1
2872	2873	-2
2872	2928	-2
2873	2874	-1
2873	2929	1
2874	2875	1
2874	2930	2
2875	2876	1
2875	2931	2
2876	2877	1
2876	2932	-1
2877	2878	-1
2877	2933	-2
2878	2879	2
2878	2934	-1
2879	2880	-1
2879	2935	-2
2880	2881	-1
2880	2936	1
2881	2882	2
2881	2937	2
2882	2883	-1
2882	2938	-1
2883	2884	-1
2883	2939	-2
2884	2885	2
2884	2940	1
2885	2886	2
2885	2941	2
2886	2887	-1
2886	2942	-1
2887	2888	1
2887	2943	1
2888	2889	1
2888	2944	1
2889	2890	1
2889	2945	-1
2890	2891	1
2890	2946	-2
2891	2892	2
2891	2947	1
2892	2893	-1
2892	2948	1
2893	2894	-1
2893	2949	1
2894	2895	1
2894	2950	-1
2895	2896	-1
2895	2951	-1
2896	2897	-1
2896	2952	1
2897	2898	-1
2897	2953	-1
2898	2899	2
2898	2954	-2
2899	2900	-1
2899	2955	2
2900	2901	-2
2900	2956	2
2901	2902	1
2901	2957	2
2902	2903	2
2902	2958	-2
2903	2904	1
2903	2959	-2
2904	2905	1
2904	2960	-1
2905	2906	1
2905	2961	1
2906	2907	-1
2906	2962	1
2907	2908	-2
2907	2963	1
2908	2909	-2
2908	2964	-2
2909	2910	-2
2909	2965	1
2910	2911	-2
2910	2966	-1
2911	2967	-1
2912	2913	-1
2912	2967	1
2912	2968	2
2913	2914	2
2913	2969	-2
2914	2915	1
2914	2970	-1
2915	2916	-1
2915	2971	-2
2916	2917	-2
2916	2972	1
2917	2918	-1
2917	2973	2
2918	2919	-1
2918	2974	-2
2919	2920	2
2919	2975	-1
2920	2921	-1
2920	2976	-1
2921	2922	-1
2921	2977	-2
2922	2923	1
2922	2978	1
2923	2924	2
2923	2979	1
2924	2925	2
2924	2980	-2
2925	2926	-1
2925	2981	-2
2926	2927	1
2926	2982	-1
2927	2928	-1
2927	2983	-2
2928	2929	1
2928	2984	1
2929	2930	2
2929	2985	1
2930	2931	-2
2930	2986	-1
2931	2932	2
2931	2987	2
2932	2933	-1
2932	2988	1
2933	2934	2
2933	2989	-1
2934	2935	1
2934	2990	1
2935	2936	-2
2935	2991	-2
2936	2937	-2
2936	2992	1
2937	2938	1
2937	2993	-2
2938	2939	2
2938	2994	1
2939	2940	-2
2939	2995	-2
2940	2941	2
2940	2996	-2
2941	2942	2
2941	2997	2
2942	2943	-2
2942	2998	-2
2943	2944	-1
2943	2999	1
2944	2945	-2
2944	3000	-2
2945	2946	-2
2945	3001	-1
2946	2947	2
2946	3002	2
2947	2948	-2
2947	3003	-1
2948	2949	-1
2948	3004	2
2949	2950	-1
2949	3005	-2
2950	2951	1
2950	3006	1
2951	2952	-1
2951	3007	-1
2952	2953	-1
2952	3008	1
2953	2954	2
2953	3009	2
2954	2955	-1
2954	3010	1
2955	2956	1
2955	3011	1
2956	2957	-1
2956	3012	-1
2957	2958	1
2957	3013	-1
2958	2959	2
2958	3014	1
2959	2960	-2
2959	3015	1
2960	2961	1
2960	3016	2
2961	2962	-2
2961	3017	-2
2962	2963	1
2962	3018	1
2963	2964	-1
2963	3019	-1
2964	2965	1
2964	3020	-1
2965	2966	-2
2965	3021	1
2966	2967	1
2966	3022	2
2967	3023	2
2968	2969	-1
2968	3023	-2
2968	3024	-1
2969	2970	1
2969	3025	1
2970	2971	-1
2970	3026	-2
2971	2972	-1
2971	3027	-2
2972	2973	2
2972	3028	-2
2973	2974	1
2973	3029	-1
2974	2975	2
2974	3030	-2
2975	2976	1
2975	3031	-1
2976	2977	2
2976	3032	-1
2977	2978	1
2977	3033	-2
2978	2979	-2
2978	3034	-1
2979	2980	1
2979	3035	2
2980	2981	-1
2980	3036	-2
2981	2982	1
2981	3037	-2
2982	2983	-2
2982	3038	-1
2983	2984	1
2983	3039	-1
2984	2985	-2
2984	3040	-1
2985	2986	-1
2985	3041	1
2986	2987	-2
2986	3042	-2
2987	2988	-2
2987	3043	-1
2988	2989	-1
2988	3044	-2
2989	2990	2
2989	3045	1
2990	2991	2
2990	3046	-2
2991	2992	1
2991	3047	-2
2992	2993	-1
2992	3048	-2
2993	2994	1
2993	3049	1
2994	2995	1
2994	3050	-2
2995	2996	1
2995	3051	-1
2996	2997	1
2996	3052	-1
2997	2998	-2
2997	3053	-2
2998	2999	-2
2998	3054	-1
2999	3000	1
2999	3055	-2
3000	3001	1
3000	3056	-2
3001	3002	2
3001	3057	1
3002	3003	2
3002	3058	2
3003	3004	-2
3003	3059	-2
3004	3005	-1
3004	3060	-1
3005	3006	2
3005	3061	1
3006	3007	1
3006	3062	-2
3007	3008	-1
3007	3063	2
3008	3009	2
3008	3064	2
3009	3010	1
3009	3065	-1
3010	3011	1
3010	3066	-2
3011	3012	1
3011	3067	-2
3012	3013	1
3012	3068	-2
3013	3014	-1
3013	3069	-1
3014	3015	-2
3014	3070	1
3015	3016	-1
3015	3071	-1
3016	3017	2
3016	3072	1
3017	3018	-1
3017	3073	2
3018	3019	1
3018	3074	-2
3019	3020	-2
3019	3075	-1
3020	3021	2
3020	3076	-2
3021	3022	1
3021	3077	1
3022	3023	-2
3022	3078	-2
3023	3079	1
3024	3025	-1
3024	3079	-2
3024	3080	2
3025	3026	1
3025	3081	2
3026	3027	-1
3026	3082	-1
3027	3028	1
3027	3083	1
3028	3029	-2
3028	3084	-2
3029	3030	-2
3029	3085	-1
3030	3031	1
3030	3086	-1
3031	3032	-1
3031	3087	-1
3032	3033	-1
3032	3088	2
3033	3034	-2
3033	3089	-1
3034	3035	2
3034	3090	-1
3035	3036	1
3035	3091	1
3036	3037	2
3036	3092	1
3037	3038	-1
3037	3093	2
3038	3039	-2
3038	3094	-2
3039	3040	-1
3039	3095	1
3040	3041	-2
3040	3096	-2
3041	3042	-2
3041	3097	-1
3042	3043	-1
3042	3098	-2
3043	3044	2
3043	3099	2
3044	3045	2
3044	3100	-2
3045	3046	1
3045	3101	-1
3046	3047	1
3046	3102	-1
3047	3048	-1
3047	3103	-2
3048	3049	-2
3048	3104	-2
3049	3050	2
3049	3105	-1
3050	3051	-2
3050	3106	-1
3051	3052	-1
3051	3107	-1
3052	3053	-1
3052	3108	-2
3053	3054	2
3053	3109	1
3054	3055	2
3054	3110	2
3055	3056	-1
3055	3111	1
3056	3057	-1
3056	3112	1
3057	3058	-1
3057	3113	-1
3058	3059	-1
3058	3114	2
3059	3060	2
3059	3115	-1
3060	3061	-1
3060	3116	-1
3061	3062	1
3061	3117	1
3062	3063	-2
3062	3118	1
3063	3064	1
3063	3119	2
3064	3065	-2
3064	3120	2
3065	3066	-2
3065	3121	-1
3066	3067	1
3066	3122	2
3067	3068	-1
3067	3123	1
3068	3069	2
3068	3124	-2
3069	3070	-2
3069	3125	1
3070	3071	-1
3070	3126	-1
3071	3072	-1
3071	3127	1
3072	3073	1
3072	3128	2
3073	3074	-1
3073	3129	2
3074	3075	-2
3074	3130	-2
3075	3076	1
3075	3131	1
3076	3077	-2
3076	3132	1
3077	3078	2
3077	3133	1
3078	3079	-1
3078	3134	-1
3079	3135	1
3080	3081	1
3080	3135	-1
3081	3082	-2
3082	3083	-1
3083	3084	-2
3084	3085	1
3085	3086	-1
3086	3087	-1
3087	3088	-1
3088	3089	-2
3089	3090	-1
3090	3091	2
3091	3092	2
3092	3093	-1
3093	3094	2
3094	3095	-1
3095	3096	-2
3096	3097	1
3097	3098	1
3098	3099	-2
3099	3100	1
3100	3101	-2
3101	3102	-1
3102	3103	-1
3103	3104	-2
3104	3105	1
3105	3106	2
3106	3107	1
3107	3108	2
3108	3109	-2
3109	3110	-2
3110	3111	-1
3111	3112	-2
3112	3113	-1
3113	3114	-1
3114	3115	-2
3115	3116	1
3116	3117	-1
3117	3118	1
3118	3119	1
3119	3120	1
3120	3121	-2
3121	3122	-2
3122	3123	-2
3123	3124	-1
3124	3125	2
3125	3126	1
3126	3127	-1
3127	3128	1
3128	3129	-1
3129	3130	1
3130	3131	-1
3131	3132	1
3132	3133	2
3133	3134	-1
3134	3135	-1
