0	1	1
0	31	1
0	32	-1
0	992	2
1	2	-2
1	33	-1
1	993	1
2	3	1
2	34	-1
2	994	-2
3	4	-2
3	35	-1
3	995	1
4	5	1
4	36	2
4	996	1
5	6	2
5	37	-1
5	997	-2
6	7	-2
6	38	2
6	998	-1
7	8	2
7	39	-1
7	999	-1
8	9	1
8	40	1
8	1000	-2
9	10	2
9	41	2
9	1001	-1
10	11	-2
10	42	-1
10	1002	2
11	12	1
11	43	2
11	1003	2
12	13	-1
12	44	-1
12	1004	-2
13	14	1
13	45	-2
13	1005	-2
14	15	-1
14	46	-2
14	1006	-2
15	16	1
15	47	1
15	1007	1
16	17	2
16	48	-2
16	1008	1
17	18	2
17	49	-2
17	1009	1
18	19	-2
18	50	1
18	1010	-2
19	20	1
19	51	2
19	1011	-1
20	21	2
20	52	2
20	1012	2
21	22	-2
21	53	-1
21	1013	2
22	23	1
22	54	1
22	1014	1
23	24	2
23	55	-1
23	1015	1
24	25	2
24	56	1
24	1016	-1
25	26	-1
25	57	-2
25	1017	2
26	27	-1
26	58	1
26	1018	-2
27	28	-2
27	59	1
27	1019	-2
28	29	2
28	60	2
28	1020	-1
29	30	-1
29	61	2
29	1021	2
30	31	2
30	62	1
30	1022	-1
31	63	-1
31	1023	1
32	33	-1
32	63	-2
32	64	1
33	34	-2
33	65	1
34	35	-1
34	66	-1
35	36	2
35	67	2
36	37	2
36	68	-1
37	38	1
37	69	2
38	39	-2
38	70	2
39	40	1
39	71	-1
40	41	-1
40	72	-2
41	42	1
41	73	1
42	43	-1
42	74	-1
43	44	2
43	75	1
44	45	2
44	76	2
45	46	-1
45	77	1
46	47	-2
46	78	-2
47	48	2
47	79	1
48	49	-1
48	80	-2
49	50	1
49	81	1
50	51	1
50	82	-1
51	52	1
51	83	-1
52	53	1
52	84	-1
53	54	-1
53	85	2
54	55	1
54	86	1
55	56	-1
55	87	1
56	57	1
56	88	-2
57	58	-1
57	89	-1
58	59	1
58	90	-1
59	60	-2
59	91	-2
60	61	-1
60	92	-1
61	62	2
61	93	2
62	63	1
62	94	1
63	95	-2
64	65	-2
64	95	-2
64	96	2
65	66	-1
65	97	1
66	67	-1
66	98	-2
67	68	1
67	99	1
68	69	-2
68	100	-1
69	70	-1
69	101	-1
70	71	-2
70	102	-1
71	72	-2
71	103	-2
72	73	-1
72	104	1
73	74	1
73	105	-2
74	75	-1
74	106	1
75	76	-1
75	107	1
76	77	-1
76	108	1
77	78	-2
77	109	-1
78	79	-2
78	110	2
79	80	2
79	111	2
80	81	1
80	112	-2
81	82	1
81	113	1
82	83	-1
82	114	1
83	84	-1
83	115	1
84	85	-2
84	116	2
85	86	2
85	117	-1
86	87	1
86	118	1
87	88	-2
87	119	-1
88	89	1
88	120	-1
89	90	1
89	121	1
90	91	-1
90	122	1
91	92	1
91	123	-2
92	93	1
92	124	-1
93	94	-2
93	125	2
94	95	2
94	126	-2
95	127	-2
96	97	2
96	127	1
96	128	-1
97	98	-1
97	129	-1
98	99	-2
98	130	1
99	100	2
99	131	2
100	101	2
100	132	2
101	102	1
101	133	-2
102	103	1
102	134	1
103	104	1
103	135	2
104	105	-2
104	136	2
105	106	-2
105	137	2
106	107	1
106	138	-2
107	108	1
107	139	1
108	109	-1
108	140	-1
109	110	-1
109	141	1
110	111	1
110	142	2
111	112	-1
111	143	2
112	113	1
112	144	-1
113	114	1
113	145	2
114	115	1
114	146	1
115	116	1
115	147	-1
116	117	-1
116	148	-2
117	118	-2
117	149	2
118	119	1
118	150	-1
119	120	-2
119	151	-1
120	121	1
120	152	-1
121	122	-2
121	153	1
122	123	-2
122	154	1
123	124	-2
123	155	-2
124	125	2
124	156	-1
125	126	2
125	157	-1
126	127	-1
126	158	-2
127	159	1
128	129	-1
128	159	2
128	160	2
129	130	-1
129	161	-1
130	131	-1
130	162	2
131	132	-1
131	163	1
132	133	-2
132	164	-2
133	134	1
133	165	1
134	135	-2
134	166	1
135	136	-1
135	167	1
136	137	-1
136	168	1
137	138	-1
137	169	1
138	139	-1
138	170	1
139	140	1
139	171	1
140	141	-1
140	172	1
141	142	2
141	173	1
142	143	-1
142	174	-2
143	144	-2
143	175	2
144	145	2
144	176	-1
145	146	-2
145	177	1
146	147	2
146	178	-2
147	148	-1
147	179	1
148	149	-1
148	180	2
149	150	-1
149	181	1
150	151	-1
150	182	2
151	152	2
151	183	-1
152	153	1
152	184	2
153	154	1
153	185	1
154	155	2
154	186	1
155	156	2
155	187	1
156	157	-1
156	188	-2
157	158	-2
157	189	1
158	159	-1
158	190	1
159	191	1
160	161	-2
160	191	1
160	192	-2
161	162	2
161	193	-2
162	163	2
162	194	1
163	164	2
163	195	-1
164	165	-2
164	196	1
165	166	1
165	197	-1
166	167	2
166	198	1
167	168	1
167	199	1
168	169	1
168	200	-1
169	170	1
169	201	1
170	171	2
170	202	-1
171	172	1
171	203	2
172	173	1
172	204	-1
173	174	2
173	205	2
174	175	-1
174	206	-1
175	176	-1
175	207	1
176	177	2
176	208	-1
177	178	2
177	209	2
178	179	1
178	210	2
179	180	-2
179	211	-1
180	181	2
180	212	-1
181	182	-2
181	213	-1
182	183	-2
182	214	-2
183	184	-1
183	215	1
184	185	-1
184	216	2
185	186	1
185	217	1
186	187	-1
186	218	-1
187	188	1
187	219	-2
188	189	-2
188	220	1
189	190	-2
189	221	-2
190	191	1
190	222	1
191	223	-1
192	193	-1
192	223	-1
192	224	2
193	194	2
193	225	2
194	195	2
194	226	-1
195	196	2
195	227	2
196	197	-1
196	228	-1
197	198	1
197	229	1
198	199	-1
198	230	2
199	200	2
199	231	-1
200	201	-1
200	232	1
201	202	1
201	233	1
202	203	1
202	234	2
203	204	2
203	235	1
204	205	-1
204	236	2
205	206	1
205	237	2
206	207	-2
206	238	2
207	208	-1
207	239	1
208	209	-1
208	240	2
209	210	-1
209	241	1
210	211	2
210	242	1
211	212	2
211	243	-1
212	213	1
212	244	1
213	214	1
213	245	2
214	215	1
214	246	1
215	216	2
215	247	-1
216	217	-1
216	248	1
217	218	1
217	249	-1
218	219	1
218	250	1
219	220	2
219	251	-1
220	221	-2
220	252	-1
221	222	-1
221	253	2
222	223	-1
222	254	-1
223	255	1
224	225	1
224	255	-2
224	256	1
225	226	-1
225	257	2
226	227	1
226	258	1
227	228	-2
227	259	-1
228	229	-1
228	260	-1
229	230	-1
229	261	2
230	231	-2
230	262	1
231	232	-1
231	263	-1
232	233	1
232	264	2
233	234	1
233	265	-2
234	235	-2
234	266	-1
235	236	-2
235	267	-1
236	237	2
236	268	1
237	238	2
237	269	2
238	239	2
238	270	1
239	240	1
239	271	1
240	241	1
240	272	2
241	242	2
241	273	-1
242	243	2
242	274	-2
243	244	-1
243	275	-1
244	245	-1
244	276	1
245	246	2
245	277	-1
246	247	1
246	278	2
247	248	2
247	279	-1
248	249	-1
248	280	1
249	250	-2
249	281	-2
250	251	1
250	282	-2
251	252	2
251	283	1
252	253	-1
252	284	-2
253	254	2
253	285	2
254	255	-2
254	286	-2
255	287	1
256	257	2
256	287	2
256	288	-1
257	258	2
257	289	1
258	259	-1
258	290	-1
259	260	1
259	291	-1
260	261	2
260	292	-2
261	262	2
261	293	-1
262	263	1
262	294	-1
263	264	-2
263	295	1
264	265	-1
264	296	-1
265	266	-2
265	297	1
266	267	2
266	298	1
267	268	-2
267	299	1
268	269	2
268	300	-1
269	270	-1
269	301	2
270	271	2
270	302	1
271	272	-2
271	303	2
272	273	2
272	304	2
273	274	-1
273	305	-1
274	275	1
274	306	1
275	276	-1
275	307	1
276	277	-1
276	308	2
277	278	2
277	309	-1
278	279	-1
278	310	1
279	280	2
279	311	1
280	281	2
280	312	1
281	282	1
281	313	1
282	283	-1
282	314	-1
283	284	2
283	315	1
284	285	-1
284	316	-1
285	286	1
285	317	1
286	287	2
286	318	1
287	319	1
288	289	2
288	319	-2
288	320	2
289	290	1
289	321	-2
290	291	1
290	322	2
291	292	-1
291	323	2
292	293	-1
292	324	2
293	294	1
293	325	1
294	295	1
294	326	1
295	296	2
295	327	-2
296	297	-1
296	328	-2
297	298	1
297	329	-1
298	299	-2
298	330	-2
299	300	-1
299	331	1
300	301	2
300	332	-2
301	302	1
301	333	2
302	303	-1
302	334	-2
303	304	1
303	335	2
304	305	2
304	336	-2
305	306	1
305	337	-1
306	307	-1
306	338	-1
307	308	-2
307	339	-1
308	309	-2
308	340	1
309	310	-1
309	341	-1
310	311	1
310	342	-2
311	312	1
311	343	-2
312	313	-2
312	344	2
313	314	2
313	345	1
314	315	-1
314	346	1
315	316	-2
315	347	1
316	317	-1
316	348	-2
317	318	-2
317	349	-2
318	319	-1
318	350	1
319	351	-1
320	321	-1
320	351	-2
320	352	1
321	322	2
321	353	1
322	323	-2
322	354	-1
323	324	2
323	355	2
324	325	-2
324	356	1
325	326	-1
325	357	-1
326	327	1
326	358	2
327	328	-1
327	359	-2
328	329	1
328	360	-1
329	330	-2
329	361	1
330	331	-1
330	362	-1
331	332	-1
331	363	1
332	333	1
332	364	2
333	334	2
333	365	2
334	335	-2
334	366	1
335	336	1
335	367	1
336	337	2
336	368	1
337	338	-1
337	369	-1
338	339	-1
338	370	-2
339	340	-1
339	371	2
340	341	2
340	372	1
341	342	2
341	373	2
342	343	2
342	374	1
343	344	1
343	375	-2
344	345	2
344	376	-1
345	346	-2
345	377	2
346	347	-1
346	378	-1
347	348	-2
347	379	2
348	349	1
348	380	1
349	350	-2
349	381	-1
350	351	1
350	382	1
351	383	2
352	353	1
352	383	1
352	384	-1
353	354	1
353	385	2
354	355	-1
354	386	1
355	356	-1
355	387	1
356	357	-2
356	388	-1
357	358	2
357	389	1
358	359	1
358	390	1
359	360	-1
359	391	-2
360	361	2
360	392	2
361	362	-1
361	393	-1
362	363	-1
362	394	-2
363	364	1
363	395	2
364	365	-1
364	396	2
365	366	-2
365	397	-2
366	367	1
366	398	2
367	368	-1
367	399	-1
368	369	1
368	400	1
369	370	-2
369	401	1
370	371	-1
370	402	-2
371	372	-2
371	403	1
372	373	-1
372	404	1
373	374	-2
373	405	-1
374	375	1
374	406	-1
375	376	1
375	407	-1
376	377	1
376	408	2
377	378	-2
377	409	2
378	379	-2
378	410	-1
379	380	-1
379	411	-2
380	381	1
380	412	-2
381	382	-1
381	413	2
382	383	-2
382	414	1
383	415	2
384	385	-2
384	415	2
384	416	1
385	386	-2
385	417	2
386	387	1
386	418	2
387	388	-1
387	419	1
388	389	1
388	420	1
389	390	-2
389	421	2
390	391	-2
390	422	-1
391	392	-1
391	423	1
392	393	2
392	424	-2
393	394	2
393	425	2
394	395	1
394	426	-1
395	396	-1
395	427	-1
396	397	1
396	428	-1
397	398	-1
397	429	1
398	399	1
398	430	-1
399	400	-1
399	431	2
400	401	-1
400	432	-1
401	402	-1
401	433	1
402	403	-1
402	434	1
403	404	2
403	435	1
404	405	-2
404	436	-2
405	406	2
405	437	1
406	407	-1
406	438	1
407	408	2
407	439	-1
408	409	-2
408	440	1
409	410	-2
409	441	1
410	411	2
410	442	1
411	412	2
411	443	1
412	413	-2
412	444	-1
413	414	2
413	445	-2
414	415	2
414	446	2
415	447	1
416	417	1
416	447	-1
416	448	-2
417	418	-2
417	449	-1
418	419	-2
418	450	1
419	420	1
419	451	-1
420	421	-2
420	452	-1
421	422	-1
421	453	2
422	423	-1
422	454	2
423	424	-1
423	455	2
424	425	1
424	456	1
425	426	-1
425	457	-1
426	427	-1
426	458	2
427	428	-2
427	459	1
428	429	1
428	460	2
429	430	2
429	461	2
430	431	2
430	462	-1
431	432	-2
431	463	-2
432	433	-1
432	464	-2
433	434	1
433	465	-2
434	435	2
434	466	-1
435	436	1
435	467	1
436	437	-1
436	468	1
437	438	2
437	469	1
438	439	-2
438	470	-1
439	440	-2
439	471	1
440	441	2
440	472	1
441	442	1
441	473	-1
442	443	-2
442	474	2
443	444	2
443	475	1
444	445	1
444	476	-2
445	446	-1
445	477	-1
446	447	-2
446	478	1
447	479	-2
448	449	-1
448	479	2
448	480	1
449	450	-2
449	481	1
450	451	-1
450	482	-2
451	452	-1
451	483	2
452	453	1
452	484	1
453	454	2
453	485	1
454	455	-1
454	486	-1
455	456	2
455	487	1
456	457	1
456	488	-2
457	458	-2
457	489	1
458	459	2
458	490	1
459	460	1
459	491	2
460	461	-1
460	492	-1
461	462	2
461	493	1
462	463	-2
462	494	-2
463	464	1
463	495	-1
464	465	-2
464	496	-2
465	466	-2
465	497	-2
466	467	1
466	498	2
467	468	-1
467	499	2
468	469	-1
468	500	1
469	470	2
469	501	-2
470	471	2
470	502	-1
471	472	1
471	503	-2
472	473	1
472	504	2
473	474	2
473	505	-1
474	475	-1
474	506	1
475	476	2
475	507	2
476	477	-1
476	508	1
477	478	-1
477	509	1
478	479	2
478	510	2
479	511	-1
480	481	1
480	511	1
480	512	-1
481	482	1
481	513	-2
482	483	-2
482	514	-1
483	484	-2
483	515	-2
484	485	-1
484	516	-2
485	486	-1
485	517	2
486	487	-1
486	518	1
487	488	2
487	519	1
488	489	2
488	520	2
489	490	-1
489	521	1
490	491	-2
490	522	-1
491	492	2
491	523	-1
492	493	-1
492	524	-1
493	494	-1
493	525	-1
494	495	2
494	526	1
495	496	2
495	527	-1
496	497	1
496	528	-1
497	498	1
497	529	-1
498	499	-2
498	530	-1
499	500	2
499	531	2
500	501	-2
500	532	-1
501	502	2
501	533	2
502	503	-1
502	534	1
503	504	1
503	535	-2
504	505	2
504	536	1
505	506	1
505	537	2
506	507	2
506	538	1
507	508	2
507	539	2
508	509	1
508	540	1
509	510	-2
509	541	1
510	511	2
510	542	-1
511	543	1
512	513	1
512	543	1
512	544	2
513	514	-2
513	545	2
514	515	1
514	546	-1
515	516	1
515	547	-1
516	517	1
516	548	1
517	518	2
517	549	1
518	519	-2
518	550	-1
519	520	-2
519	551	-2
520	521	-1
520	552	1
521	522	-1
521	553	-1
522	523	-1
522	554	1
523	524	-2
523	555	-2
524	525	1
524	556	1
525	526	-1
525	557	-1
526	527	-1
526	558	-2
527	528	-2
527	559	-2
528	529	-1
528	560	1
529	530	-1
529	561	-2
530	531	2
530	562	-1
531	532	1
531	563	1
532	533	-2
532	564	-1
533	534	-2
533	565	1
534	535	2
534	566	-2
535	536	2
535	567	1
536	537	1
536	568	1
537	538	-1
537	569	1
538	539	2
538	570	-1
539	540	-2
539	571	-2
540	541	2
540	572	-2
541	542	-2
541	573	-1
542	543	2
542	574	1
543	575	-1
544	545	-2
544	575	-1
544	576	1
545	546	2
545	577	-1
546	547	-1
546	578	-2
547	548	2
547	579	-1
548	549	-1
548	580	2
549	550	2
549	581	-2
550	551	2
550	582	2
551	552	2
551	583	2
552	553	-1
552	584	1
553	554	-1
553	585	-2
554	555	-2
554	586	-1
555	556	-1
555	587	-1
556	557	1
556	588	-2
557	558	-1
557	589	1
558	559	1
558	590	2
559	560	2
559	591	1
560	561	-2
560	592	2
561	562	-2
561	593	1
562	563	2
562	594	-1
563	564	-2
563	595	-1
564	565	-1
564	596	-1
565	566	-1
565	597	-1
566	567	2
566	598	1
567	568	2
567	599	1
568	569	-2
568	600	-2
569	570	-2
569	601	2
570	571	-1
570	602	1
571	572	1
571	603	2
572	573	-2
572	604	-2
573	574	1
573	605	-1
574	575	1
574	606	-1
575	607	-1
576	577	1
576	607	-1
576	608	-1
577	578	-2
577	609	-1
578	579	2
578	610	1
579	580	2
579	611	1
580	581	1
580	612	-1
581	582	1
581	613	1
582	583	2
582	614	1
583	584	-2
583	615	2
584	585	-2
584	616	-2
585	586	2
585	617	-1
586	587	2
586	618	1
587	588	2
587	619	1
588	589	-2
588	620	-2
589	590	2
589	621	-1
590	591	1
590	622	-1
591	592	-1
591	623	1
592	593	1
592	624	2
593	594	-2
593	625	2
594	595	-2
594	626	1
595	596	2
595	627	2
596	597	-2
596	628	-1
597	598	-1
597	629	-2
598	599	-2
598	630	-1
599	600	2
599	631	2
600	601	1
600	632	2
601	602	1
601	633	-1
602	603	1
602	634	-2
603	604	1
603	635	-1
604	605	-1
604	636	-2
605	606	-1
605	637	-1
606	607	1
606	638	1
607	639	-1
608	609	-1
608	639	-1
608	640	2
609	610	2
609	641	-1
610	611	-2
610	642	2
611	612	2
611	643	2
612	613	1
612	644	-2
613	614	-2
613	645	2
614	615	-2
614	646	2
615	616	2
615	647	1
616	617	1
616	648	-2
617	618	-2
617	649	1
618	619	-1
618	650	-1
619	620	-2
619	651	-2
620	621	1
620	652	1
621	622	-2
621	653	2
622	623	1
622	654	-2
623	624	-1
623	655	-2
624	625	-1
624	656	-2
625	626	-1
625	657	-2
626	627	1
626	658	-2
627	628	1
627	659	1
628	629	1
628	660	-2
629	630	1
629	661	-1
630	631	-2
630	662	1
631	632	-1
631	663	2
632	633	2
632	664	2
633	634	-2
633	665	2
634	635	-1
634	666	1
635	636	-1
635	667	1
636	637	2
636	668	2
637	638	-1
637	669	1
638	639	1
638	670	1
639	671	-1
640	641	1
640	671	-2
640	672	-1
641	642	2
641	673	2
642	643	-2
642	674	-1
643	644	1
643	675	2
644	645	-2
644	676	-1
645	646	1
645	677	2
646	647	2
646	678	-1
647	648	2
647	679	2
648	649	-2
648	680	2
649	650	-1
649	681	-1
650	651	1
650	682	1
651	652	-1
651	683	1
652	653	-2
652	684	2
653	654	-1
653	685	-2
654	655	2
654	686	1
655	656	1
655	687	-2
656	657	2
656	688	-1
657	658	2
657	689	2
658	659	-2
658	690	1
659	660	2
659	691	-1
660	661	-1
660	692	-1
661	662	2
661	693	-1
662	663	1
662	694	2
663	664	1
663	695	2
664	665	-1
664	696	-2
665	666	1
665	697	2
666	667	-2
666	698	-1
667	668	1
667	699	-1
668	669	2
668	700	2
669	670	1
669	701	2
670	671	-1
670	702	-2
671	703	1
672	673	2
672	703	2
672	704	-1
673	674	1
673	705	1
674	675	-2
674	706	-2
675	676	-2
675	707	-1
676	677	-1
676	708	-1
677	678	1
677	709	2
678	679	2
678	710	-2
679	680	2
679	711	-2
680	681	-1
680	712	-2
681	682	2
681	713	1
682	683	-1
682	714	2
683	684	-1
683	715	1
684	685	-1
684	716	-1
685	686	-2
685	717	1
686	687	1
686	718	-1
687	688	-1
687	719	2
688	689	1
688	720	-1
689	690	-1
689	721	-2
690	691	-2
690	722	1
691	692	-1
691	723	-1
692	693	1
692	724	-1
693	694	-2
693	725	2
694	695	-1
694	726	1
695	696	-1
695	727	-1
696	697	-1
696	728	1
697	698	2
697	729	2
698	699	2
698	730	-1
699	700	1
699	731	-2
700	701	-1
700	732	2
701	702	1
701	733	2
702	703	-2
702	734	-1
703	735	-2
704	705	-1
704	735	-2
704	736	2
705	706	1
705	737	2
706	707	-1
706	738	-1
707	708	2
707	739	-1
708	709	-2
708	740	2
709	710	1
709	741	-1
710	711	1
710	742	-1
711	712	-1
711	743	2
712	713	-2
712	744	-1
713	714	-2
713	745	2
714	715	-1
714	746	-1
715	716	-1
715	747	-1
716	717	2
716	748	2
717	718	-2
717	749	-1
718	719	1
718	750	1
719	720	-2
719	751	1
720	721	-2
720	752	-1
721	722	-2
721	753	1
722	723	1
722	754	-2
723	724	1
723	755	-1
724	725	-2
724	756	-1
725	726	2
725	757	2
726	727	1
726	758	-1
727	728	-2
727	759	-1
728	729	2
728	760	-1
729	730	2
729	761	-2
730	731	-2
730	762	2
731	732	1
731	763	1
732	733	-1
732	764	2
733	734	1
733	765	2
734	735	-2
734	766	-1
735	767	2
736	737	1
736	767	-1
736	768	-1
737	738	2
737	769	-2
738	739	1
738	770	-1
739	740	-2
739	771	-2
740	741	-2
740	772	-1
741	742	2
741	773	-2
742	743	2
742	774	1
743	744	1
743	775	-2
744	745	-2
744	776	-2
745	746	1
745	777	1
746	747	1
746	778	1
747	748	-1
747	779	-1
748	749	1
748	780	-1
749	750	-2
749	781	-2
750	751	-1
750	782	-2
751	752	1
751	783	1
752	753	-2
752	784	1
753	754	-1
753	785	1
754	755	-2
754	786	2
755	756	2
755	787	-1
756	757	-2
756	788	2
757	758	-2
757	789	1
758	759	-1
758	790	-2
759	760	-1
759	791	-2
760	761	-1
760	792	1
761	762	-1
761	793	1
762	763	2
762	794	-1
763	764	-2
763	795	2
764	765	2
764	796	1
765	766	2
765	797	2
766	767	-2
766	798	-1
767	799	-1
768	769	2
768	799	1
768	800	1
769	770	-2
769	801	-1
770	771	1
770	802	-1
771	772	2
771	803	1
772	773	1
772	804	-1
773	774	2
773	805	-1
774	775	2
774	806	-1
775	776	-1
775	807	-2
776	777	-1
776	808	1
777	778	-1
777	809	-1
778	779	1
778	810	1
779	780	1
779	811	2
780	781	2
780	812	-2
781	782	1
781	813	-1
782	783	-2
782	814	-2
783	784	-1
783	815	-1
784	785	-2
784	816	2
785	786	2
785	817	1
786	787	-2
786	818	-2
787	788	1
787	819	1
788	789	-1
788	820	-1
789	790	-1
789	821	2
790	791	1
790	822	2
791	792	-2
791	823	-1
792	793	-2
792	824	1
793	794	-1
793	825	-2
794	795	-1
794	826	1
795	796	2
795	827	2
796	797	-2
796	828	-1
797	798	1
797	829	-1
798	799	-2
798	830	-2
799	831	1
800	801	2
800	831	-1
800	832	2
801	802	-2
801	833	2
802	803	1
802	834	-1
803	804	-2
803	835	-1
804	805	-1
804	836	-2
805	806	-2
805	837	2
806	807	-1
806	838	2
807	808	2
807	839	-2
808	809	-1
808	840	-1
809	810	-2
809	841	-1
810	811	-2
810	842	1
811	812	2
811	843	-2
812	813	-1
812	844	1
813	814	2
813	845	-1
814	815	1
814	846	-1
815	816	2
815	847	-2
816	817	2
816	848	-2
817	818	2
817	849	-2
818	819	-1
818	850	1
819	820	1
819	851	1
820	821	-2
820	852	-1
821	822	-1
821	853	-2
822	823	2
822	854	-2
823	824	2
823	855	-2
824	825	-1
824	856	-1
825	826	1
825	857	-1
826	827	1
826	858	-2
827	828	-2
827	859	2
828	829	2
828	860	-1
829	830	2
829	861	1
830	831	-1
830	862	-2
831	863	-2
832	833	-1
832	863	-1
832	864	-1
833	834	-2
833	865	1
834	835	-1
834	866	-2
835	836	1
835	867	1
836	837	1
836	868	-1
837	838	1
837	869	-1
838	839	1
838	870	2
839	840	-1
839	871	2
840	841	2
840	872	-2
841	842	-2
841	873	1
842	843	1
842	874	1
843	844	1
843	875	1
844	845	-1
844	876	2
845	846	-2
845	877	-2
846	847	-2
846	878	1
847	848	-1
847	879	1
848	849	-1
848	880	2
849	850	1
849	881	2
850	851	-1
850	882	-2
851	852	1
851	883	2
852	853	1
852	884	-2
853	854	2
853	885	-1
854	855	2
854	886	-2
855	856	-2
855	887	1
856	857	-2
856	888	2
857	858	-2
857	889	-2
858	859	2
858	890	-1
859	860	-1
859	891	2
860	861	1
860	892	-2
861	862	1
861	893	-2
862	863	-2
862	894	-2
863	895	-1
864	865	-1
864	895	2
864	896	-2
865	866	-1
865	897	-2
866	867	-2
866	898	-2
867	868	2
867	899	1
868	869	-1
868	900	-1
869	870	1
869	901	1
870	871	-2
870	902	-1
871	872	-2
871	903	-2
872	873	1
872	904	2
873	874	-2
873	905	2
874	875	-1
874	906	-2
875	876	-2
875	907	-2
876	877	-1
876	908	1
877	878	-2
877	909	1
878	879	2
878	910	-1
879	880	1
879	911	-1
880	881	1
880	912	-1
881	882	2
881	913	-1
882	883	-2
882	914	-1
883	884	2
883	915	-1
884	885	-2
884	916	1
885	886	1
885	917	-1
886	887	2
886	918	-1
887	888	2
887	919	2
888	889	-1
888	920	-1
889	890	-1
889	921	-1
890	891	1
890	922	-1
891	892	-1
891	923	1
892	893	-1
892	924	1
893	894	-1
893	925	-1
894	895	1
894	926	-2
895	927	-1
896	897	-1
896	927	-1
896	928	-1
897	898	2
897	929	-1
898	899	-1
898	930	2
899	900	2
899	931	1
900	901	1
900	932	-2
901	902	1
901	933	1
902	903	2
902	934	1
903	904	-1
903	935	-2
904	905	-2
904	936	-1
905	906	-1
905	937	-1
906	907	2
906	938	2
907	908	-1
907	939	1
908	909	1
908	940	-1
909	910	-2
909	941	-1
910	911	-1
910	942	-2
911	912	-1
911	943	1
912	913	-2
912	944	1
913	914	-2
913	945	-1
914	915	1
914	946	1
915	916	2
915	947	-1
916	917	-2
916	948	-2
917	918	-1
917	949	2
918	919	-2
918	950	-2
919	920	2
919	951	1
920	921	-2
920	952	-2
921	922	1
921	953	-2
922	923	2
922	954	-1
923	924	1
923	955	2
924	925	1
924	956	-1
925	926	2
925	957	-1
926	927	2
926	958	1
927	959	-1
928	929	1
928	959	2
928	960	2
929	930	-2
929	961	1
930	931	2
930	962	2
931	932	1
931	963	-2
932	933	2
932	964	1
933	934	-1
933	965	-2
934	935	2
934	966	-1
935	936	1
935	967	-1
936	937	2
936	968	-1
937	938	2
937	969	-2
938	939	-2
938	970	1
939	940	-2
939	971	-1
940	941	-1
940	972	-1
941	942	-2
941	973	1
942	943	-2
942	974	-2
943	944	2
943	975	1
944	945	-2
944	976	2
945	946	2
945	977	-1
946	947	1
946	978	2
947	948	1
947	979	-2
948	949	-1
948	980	-1
949	950	1
949	981	1
950	951	-2
950	982	2
951	952	1
951	983	1
952	953	1
952	984	-1
953	954	2
953	985	-2
954	955	1
954	986	-1
955	956	-1
955	987	2
956	957	-1
956	988	-1
957	958	-2
957	989	-2
958	959	2
958	990	1
959	991	2
960	961	2
960	991	-1
960	992	1
961	962	2
961	993	1
962	963	1
962	994	2
963	964	2
963	995	2
964	965	-2
964	996	1
965	966	2
965	997	-2
966	967	-1
966	998	1
967	968	-1
967	999	-1
968	969	2
968	1000	-1
969	970	2
969	1001	1
970	971	1
970	1002	-2
971	972	2
971	1003	-2
972	973	-1
972	1004	-1
973	974	-1
973	1005	2
974	975	-1
974	1006	-2
975	976	-1
975	1007	-2
976	977	-2
976	1008	-1
977	978	1
977	1009	-2
978	979	1
978	1010	1
979	980	-2
979	1011	2
980	981	-1
980	1012	1
981	982	-1
981	1013	1
982	983	-1
982	1014	1
983	984	1
983	1015	1
984	985	2
984	1016	1
985	986	-2
985	1017	-1
986	987	1
986	1018	2
987	988	-1
987	1019	-2
988	989	1
988	1020	2
989	990	-2
989	1021	2
990	991	-1
990	1022	-1
991	1023	-1
992	993	-1
992	1023	-2
993	994	-1
994	995	-1
995	996	1
996	997	-1
997	998	-1
998	999	-2
999	1000	-1
1000	1001	1
1001	1002	1
1002	1003	-2
1003	1004	1
1004	1005	-2
1005	1006	-1
1006	1007	1
1007	1008	-1
1008	1009	1
1009	1010	2
1010	1011	-1
1011	1012	1
1012	1013	1
1013	1014	1
1014	1015	1
1015	1016	2
1016	1017	2
1017	1018	-2
1018	1019	1
1019	1020	1
1020	1021	-1
1021	1022	-2
1022	1023	1
