0	1	-1
0	31	1
0	32	1
0	992	2
1	2	-1
1	33	1
1	993	2
2	3	-2
2	34	-1
2	994	-2
3	4	-2
3	35	-2
3	995	-1
4	5	2
4	36	-2
4	996	-1
5	6	-1
5	37	-2
5	997	1
6	7	2
6	38	-2
6	998	2
7	8	2
7	39	2
7	999	1
8	9	-2
8	40	1
8	1000	-2
9	10	-2
9	41	-2
9	1001	1
10	11	-2
10	42	2
10	1002	2
11	12	2
11	43	1
11	1003	-1
12	13	1
12	44	-1
12	1004	2
13	14	2
13	45	1
13	1005	-1
14	15	2
14	46	-2
14	1006	2
15	16	1
15	47	-1
15	1007	-1
16	17	2
16	48	1
16	1008	-1
17	18	-2
17	49	-2
17	1009	-1
18	19	1
18	50	-2
18	1010	-1
19	20	-2
19	51	2
19	1011	2
20	21	-2
20	52	2
20	1012	2
21	22	-2
21	53	-1
21	1013	2
22	23	-1
22	54	-1
22	1014	1
23	24	-1
23	55	-1
23	1015	-2
24	25	1
24	56	-2
24	1016	2
25	26	1
25	57	-1
25	1017	-1
26	27	-1
26	58	-2
26	1018	-1
27	28	-1
27	59	-1
27	1019	-1
28	29	1
28	60	1
28	1020	-1
29	30	2
29	61	-2
29	1021	-1
30	31	-1
30	62	-1
30	1022	1
31	63	2
31	1023	2
32	33	1
32	63	-1
32	64	-1
33	34	2
33	65	-2
34	35	2
34	66	-1
35	36	-1
35	67	1
36	37	-1
36	68	1
37	38	-2
37	69	-1
38	39	1
38	70	-2
39	40	1
39	71	-2
40	41	-1
40	72	-2
41	42	1
41	73	-1
42	43	2
42	74	-1
43	44	1
43	75	2
44	45	1
44	76	-2
45	46	-2
45	77	2
46	47	-1
46	78	1
47	48	-1
47	79	2
48	49	2
48	80	-2
49	50	1
49	81	-2
50	51	1
50	82	2
51	52	1
51	83	-1
52	53	-1
52	84	-1
53	54	1
53	85	1
54	55	1
54	86	2
55	56	-1
55	87	1
56	57	-2
56	88	-1
57	58	-2
57	89	1
58	59	2
58	90	2
59	60	1
59	91	-1
60	61	1
60	92	-2
61	62	-1
61	93	-1
62	63	-2
62	94	1
63	95	1
64	65	2
64	95	-1
64	96	2
65	66	-1
65	97	1
66	67	-2
66	98	1
67	68	1
67	99	2
68	69	-1
68	100	-1
69	70	2
69	101	2
70	71	-2
70	102	1
71	72	-2
71	103	-2
72	73	1
72	104	-1
73	74	-1
73	105	2
74	75	-1
74	106	-2
75	76	1
75	107	-2
76	77	1
76	108	-1
77	78	2
77	109	2
78	79	2
78	110	2
79	80	-1
79	111	-2
80	81	2
80	112	-1
81	82	1
81	113	-2
82	83	-1
82	114	1
83	84	-1
83	115	1
84	85	2
84	116	-1
85	86	-2
85	117	-1
86	87	-2
86	118	2
87	88	-2
87	119	-1
88	89	1
88	120	2
89	90	1
89	121	-2
90	91	-1
90	122	-2
91	92	-2
91	123	2
92	93	-1
92	124	-1
93	94	-1
93	125	-2
94	95	2
94	126	2
95	127	-1
96	97	-1
96	127	-2
96	128	-2
97	98	2
97	129	-1
98	99	2
98	130	2
99	100	1
99	131	-2
100	101	-2
100	132	-1
101	102	-1
101	133	1
102	103	-1
102	134	1
103	104	2
103	135	-2
104	105	2
104	136	1
105	106	1
105	137	-2
106	107	1
106	138	-2
107	108	-2
107	139	2
108	109	2
108	140	2
109	110	1
109	141	-1
110	111	1
110	142	1
111	112	1
111	143	1
112	113	-2
112	144	-1
113	114	1
113	145	-2
114	115	1
114	146	1
115	116	-2
115	147	1
116	117	-1
116	148	1
117	118	2
117	149	1
118	119	-1
118	150	1
119	120	1
119	151	2
120	121	2
120	152	-1
121	122	1
121	153	-2
122	123	-1
122	154	1
123	124	1
123	155	1
124	125	2
124	156	1
125	126	-1
125	157	-2
126	127	1
126	158	-1
127	159	1
128	129	1
128	159	-1
128	160	-2
129	130	2
129	161	2
130	131	1
130	162	2
131	132	-1
131	163	-1
132	133	1
132	164	-1
133	134	1
133	165	-1
134	135	-1
134	166	1
135	136	1
135	167	-1
136	137	-2
136	168	1
137	138	-1
137	169	-2
138	139	2
138	170	-1
139	140	1
139	171	1
140	141	-2
140	172	1
141	142	2
141	173	1
142	143	2
142	174	1
143	144	1
143	175	-2
144	145	-1
144	176	-1
145	146	2
145	177	1
146	147	-2
146	178	-2
147	148	2
147	179	1
148	149	1
148	180	-1
149	150	-2
149	181	1
150	151	-1
150	182	1
151	152	2
151	183	2
152	153	-2
152	184	-2
153	154	1
153	185	-2
154	155	-2
154	186	2
155	156	-1
155	187	2
156	157	-2
156	188	-2
157	158	1
157	189	1
158	159	-2
158	190	2
159	191	2
160	161	1
160	191	1
160	192	-1
161	162	2
161	193	-1
162	163	2
162	194	2
163	164	-1
163	195	-1
164	165	-2
164	196	-1
165	166	-1
165	197	-1
166	167	-1
166	198	2
167	168	-2
167	199	2
168	169	-2
168	200	-1
169	170	-2
169	201	2
170	171	2
170	202	-2
171	172	-2
171	203	2
172	173	2
172	204	-1
173	174	-2
173	205	-1
174	175	1
174	206	-1
175	176	1
175	207	-1
176	177	-1
176	208	-2
177	178	-2
177	209	-1
178	179	-1
178	210	1
179	180	-1
179	211	1
180	181	1
180	212	1
181	182	-1
181	213	-1
182	183	1
182	214	1
183	184	-1
183	215	1
184	185	1
184	216	2
185	186	-1
185	217	-1
186	187	1
186	218	-2
187	188	-2
187	219	1
188	189	-2
188	220	1
189	190	-1
189	221	2
190	191	1
190	222	2
191	223	-1
192	193	-2
192	223	-1
192	224	-2
193	194	2
193	225	-1
194	195	-2
194	226	1
195	196	1
195	227	1
196	197	-2
196	228	2
197	198	-2
197	229	1
198	199	1
198	230	-1
199	200	-2
199	231	1
200	201	-2
200	232	-1
201	202	-1
201	233	1
202	203	-1
202	234	-2
203	204	-1
203	235	-1
204	205	1
204	236	-1
205	206	2
205	237	2
206	207	2
206	238	-1
207	208	-1
207	239	-1
208	209	2
208	240	-1
209	210	-2
209	241	-2
210	211	2
210	242	-1
211	212	1
211	243	2
212	213	1
212	244	1
213	214	-1
213	245	-1
214	215	-1
214	246	-1
215	216	1
215	247	-2
216	217	-1
216	248	1
217	218	2
217	249	-2
218	219	2
218	250	1
219	220	2
219	251	-2
220	221	2
220	252	-2
221	222	1
221	253	-1
222	223	-1
222	254	2
223	255	2
224	225	2
224	255	1
224	256	1
225	226	-2
225	257	-2
226	227	2
226	258	-2
227	228	2
227	259	-2
228	229	1
228	260	-1
229	230	-1
229	261	1
230	231	1
230	262	1
231	232	-1
231	263	-2
232	233	-2
232	264	-2
233	234	1
233	265	-1
234	235	1
234	266	2
235	236	2
235	267	1
236	237	1
236	268	-1
237	238	-2
237	269	1
238	239	-1
238	270	2
239	240	-2
239	271	-1
240	241	-2
240	272	1
241	242	1
241	273	-2
242	243	2
242	274	2
243	244	-1
243	275	2
244	245	1
244	276	-2
245	246	-1
245	277	-1
246	247	1
246	278	-1
247	248	1
247	279	-2
248	249	-1
248	280	2
249	250	1
249	281	1
250	251	2
250	282	1
251	252	1
251	283	-1
252	253	-1
252	284	-1
253	254	1
253	285	2
254	255	2
254	286	2
255	287	-2
256	257	2
256	287	2
256	288	-1
257	258	1
257	289	-1
258	259	1
258	290	-1
259	260	-1
259	291	1
260	261	2
260	292	2
261	262	1
261	293	1
262	263	1
262	294	-2
263	264	1
263	295	2
264	265	-1
264	296	1
265	266	2
265	297	-2
266	267	1
266	298	-1
267	268	2
267	299	-1
268	269	-1
268	300	-1
269	270	1
269	301	2
270	271	-1
270	302	-1
271	272	-2
271	303	1
272	273	1
272	304	-1
273	274	1
273	305	2
274	275	1
274	306	2
275	276	-1
275	307	1
276	277	1
276	308	2
277	278	2
277	309	2
278	279	2
278	310	1
279	280	1
279	311	-2
280	281	1
280	312	2
281	282	-1
281	313	1
282	283	-1
282	314	-1
283	284	-1
283	315	1
284	285	-2
284	316	-1
285	286	-2
285	317	2
286	287	-1
286	318	1
287	319	-1
288	289	-1
288	319	-1
288	320	-2
289	290	-1
289	321	1
290	291	1
290	322	2
291	292	-1
291	323	-1
292	293	-1
292	324	1
293	294	-2
293	325	-1
294	295	1
294	326	2
295	296	2
295	327	1
296	297	-2
296	328	1
297	298	1
297	329	-2
298	299	-1
298	330	2
299	300	-1
299	331	1
300	301	-2
300	332	-1
301	302	-1
301	333	1
302	303	-2
302	334	-1
303	304	1
303	335	-1
304	305	2
304	336	-1
305	306	-1
305	337	2
306	307	-1
306	338	1
307	308	1
307	339	2
308	309	-1
308	340	-2
309	310	1
309	341	-1
310	311	2
310	342	2
311	312	2
311	343	1
312	313	-2
312	344	1
313	314	1
313	345	-1
314	315	-1
314	346	1
315	316	-1
315	347	2
316	317	-1
316	348	1
317	318	-2
317	349	2
318	319	-2
318	350	2
319	351	2
320	321	1
320	351	-2
320	352	2
321	322	2
321	353	2
322	323	-2
322	354	2
323	324	-1
323	355	-1
324	325	2
324	356	2
325	326	-2
325	357	-1
326	327	-1
326	358	-2
327	328	-1
327	359	2
328	329	-2
328	360	-1
329	330	1
329	361	1
330	331	1
330	362	-1
331	332	-1
331	363	-2
332	333	2
332	364	-1
333	334	-1
333	365	-2
334	335	1
334	366	-2
335	336	-1
335	367	1
336	337	2
336	368	-2
337	338	2
337	369	1
338	339	-1
338	370	1
339	340	1
339	371	-1
340	341	-1
340	372	-2
341	342	2
341	373	2
342	343	2
342	374	1
343	344	-2
343	375	1
344	345	1
344	376	-2
345	346	1
345	377	2
346	347	-1
346	378	2
347	348	2
347	379	2
348	349	2
348	380	2
349	350	1
349	381	1
350	351	-1
350	382	1
351	383	1
352	353	-1
352	383	-1
352	384	-1
353	354	2
353	385	1
354	355	-2
354	386	2
355	356	1
355	387	-1
356	357	2
356	388	-1
357	358	-1
357	389	-2
358	359	-2
358	390	2
359	360	-2
359	391	-1
360	361	-2
360	392	1
361	362	-1
361	393	1
362	363	-2
362	394	2
363	364	2
363	395	-2
364	365	-2
364	396	-1
365	366	1
365	397	-1
366	367	2
366	398	1
367	368	1
367	399	-1
368	369	1
368	400	1
369	370	-1
369	401	-1
370	371	-1
370	402	1
371	372	2
371	403	-2
372	373	-1
372	404	-1
373	374	-1
373	405	2
374	375	-2
374	406	1
375	376	-1
375	407	-2
376	377	2
376	408	1
377	378	2
377	409	-2
378	379	2
378	410	-1
379	380	1
379	411	-1
380	381	-1
380	412	-1
381	382	1
381	413	-1
382	383	2
382	414	1
383	415	-1
384	385	2
384	415	2
384	416	-1
385	386	-1
385	417	-2
386	387	1
386	418	2
387	388	-1
387	419	-1
388	389	2
388	420	-1
389	390	-2
389	421	-2
390	391	-1
390	422	-1
391	392	-2
391	423	2
392	393	1
392	424	1
393	394	2
393	425	2
394	395	1
394	426	-1
395	396	-1
395	427	1
396	397	-2
396	428	1
397	398	1
397	429	2
398	399	2
398	430	-1
399	400	1
399	431	1
400	401	-1
400	432	1
401	402	-1
401	433	2
402	403	-2
402	434	-1
403	404	-1
403	435	2
404	405	-1
404	436	-1
405	406	2
405	437	-1
406	407	-1
406	438	1
407	408	-2
407	439	1
408	409	-2
408	440	-1
409	410	-1
409	441	-1
410	411	1
410	442	-1
411	412	-1
411	443	-1
412	413	2
412	444	1
413	414	1
413	445	-2
414	415	2
414	446	-1
415	447	2
416	417	-2
416	447	2
416	448	-1
417	418	2
417	449	-2
418	419	2
418	450	1
419	420	2
419	451	1
420	421	-2
420	452	-1
421	422	1
421	453	-1
422	423	-2
422	454	1
423	424	-2
423	455	-1
424	425	-2
424	456	-2
425	426	-2
425	457	1
426	427	1
426	458	2
427	428	-2
427	459	-2
428	429	2
428	460	1
429	430	-1
429	461	-2
430	431	1
430	462	-1
431	432	2
431	463	1
432	433	2
432	464	1
433	434	-1
433	465	-2
434	435	-1
434	466	1
435	436	-2
435	467	1
436	437	1
436	468	2
437	438	1
437	469	1
438	439	2
438	470	-2
439	440	1
439	471	1
440	441	2
440	472	-1
441	442	1
441	473	-2
442	443	-1
442	474	1
443	444	1
443	475	1
444	445	2
444	476	-1
445	446	-2
445	477	-2
446	447	2
446	478	-1
447	479	2
448	449	-1
448	479	1
448	480	1
449	450	1
449	481	-2
450	451	-1
450	482	1
451	452	2
451	483	-1
452	453	-2
452	484	1
453	454	1
453	485	-2
454	455	1
454	486	-2
455	456	1
455	487	1
456	457	1
456	488	1
457	458	1
457	489	2
458	459	2
458	490	-2
459	460	-2
459	491	-1
460	461	2
460	492	-2
461	462	2
461	493	-1
462	463	2
462	494	-2
463	464	-2
463	495	2
464	465	2
464	496	-1
465	466	-2
465	497	2
466	467	-2
466	498	-1
467	468	1
467	499	2
468	469	1
468	500	2
469	470	1
469	501	2
470	471	-2
470	502	2
471	472	1
471	503	1
472	473	-1
472	504	1
473	474	2
473	505	-1
474	475	-2
474	506	-1
475	476	1
475	507	-1
476	477	2
476	508	-1
477	478	1
477	509	-1
478	479	1
478	510	-2
479	511	2
480	481	-2
480	511	-1
480	512	-1
481	482	1
481	513	1
482	483	-1
482	514	1
483	484	-2
483	515	1
484	485	-1
484	516	1
485	486	-2
485	517	1
486	487	1
486	518	-2
487	488	2
487	519	1
488	489	-1
488	520	2
489	490	-1
489	521	1
490	491	-2
490	522	1
491	492	2
491	523	2
492	493	-2
492	524	1
493	494	-2
493	525	2
494	495	1
494	526	1
495	496	1
495	527	1
496	497	1
496	528	-1
497	498	-1
497	529	1
498	499	-2
498	530	1
499	500	2
499	531	2
500	501	-2
500	532	-2
501	502	2
501	533	1
502	503	1
502	534	1
503	504	1
503	535	-1
504	505	-1
504	536	-2
505	506	2
505	537	2
506	507	2
506	538	2
507	508	-1
507	539	-2
508	509	-2
508	540	-2
509	510	1
509	541	-1
510	511	1
510	542	-2
511	543	-2
512	513	2
512	543	2
512	544	-1
513	514	-1
513	545	1
514	515	1
514	546	2
515	516	2
515	547	-1
516	517	-1
516	548	-2
517	518	-1
517	549	-1
518	519	2
518	550	2
519	520	-2
519	551	2
520	521	-2
520	552	-1
521	522	1
521	553	-2
522	523	2
522	554	1
523	524	-2
523	555	2
524	525	2
524	556	1
525	526	1
525	557	1
526	527	-2
526	558	2
527	528	1
527	559	-1
528	529	-2
528	560	1
529	530	2
529	561	-2
530	531	-1
530	562	-2
531	532	1
531	563	2
532	533	2
532	564	1
533	534	-1
533	565	1
534	535	-2
534	566	1
535	536	-2
535	567	-1
536	537	2
536	568	1
537	538	-1
537	569	-2
538	539	-2
538	570	-2
539	540	2
539	571	1
540	541	-1
540	572	1
541	542	-2
541	573	1
542	543	-1
542	574	-1
543	575	-1
544	545	1
544	575	-2
544	576	-1
545	546	2
545	577	-2
546	547	2
546	578	2
547	548	-2
547	579	-1
548	549	2
548	580	-2
549	550	-1
549	581	-2
550	551	-1
550	582	2
551	552	-2
551	583	-2
552	553	1
552	584	1
553	554	2
553	585	2
554	555	-2
554	586	-2
555	556	-1
555	587	1
556	557	-2
556	588	-2
557	558	1
557	589	1
558	559	-1
558	590	1
559	560	-1
559	591	2
560	561	-1
560	592	-1
561	562	1
561	593	1
562	563	-1
562	594	1
563	564	1
563	595	-1
564	565	-1
564	596	2
565	566	1
565	597	1
566	567	-2
566	598	-1
567	568	-1
567	599	1
568	569	2
568	600	-2
569	570	-1
569	601	-2
570	571	-1
570	602	-2
571	572	1
571	603	-1
572	573	1
572	604	-2
573	574	-2
573	605	-1
574	575	1
574	606	-2
575	607	2
576	577	-1
576	607	-1
576	608	-2
577	578	1
577	609	2
578	579	1
578	610	-1
579	580	1
579	611	1
580	581	1
580	612	1
581	582	-2
581	613	1
582	583	-2
582	614	-2
583	584	-1
583	615	2
584	585	-1
584	616	-1
585	586	1
585	617	-1
586	587	-1
586	618	-1
587	588	-2
587	619	-2
588	589	-2
588	620	2
589	590	-1
589	621	1
590	591	-2
590	622	1
591	592	-2
591	623	2
592	593	2
592	624	1
593	594	-1
593	625	-2
594	595	1
594	626	-1
595	596	1
595	627	2
596	597	1
596	628	1
597	598	1
597	629	2
598	599	-2
598	630	-1
599	600	-1
599	631	-1
600	601	-1
600	632	-2
601	602	2
601	633	2
602	603	-2
602	634	-1
603	604	-2
603	635	1
604	605	2
604	636	-2
605	606	1
605	637	1
606	607	-2
606	638	2
607	639	1
608	609	-1
608	639	2
608	640	-2
609	610	2
609	641	1
610	611	1
610	642	2
611	612	-1
611	643	-1
612	613	-1
612	644	-1
613	614	-1
613	645	-2
614	615	-1
614	646	2
615	616	-2
615	647	-1
616	617	1
616	648	-1
617	618	-2
617	649	-1
618	619	1
618	650	1
619	620	1
619	651	2
620	621	2
620	652	1
621	622	-2
621	653	-1
622	623	2
622	654	2
623	624	-1
623	655	-1
624	625	1
624	656	-1
625	626	2
625	657	-1
626	627	2
626	658	-1
627	628	-2
627	659	2
628	629	-2
628	660	-1
629	630	-2
629	661	2
630	631	1
630	662	2
631	632	-1
631	663	2
632	633	-2
632	664	2
633	634	2
633	665	-1
634	635	-2
634	666	-2
635	636	1
635	667	-1
636	637	1
636	668	2
637	638	2
637	669	-1
638	639	1
638	670	1
639	671	-2
640	641	1
640	671	-1
640	672	-1
641	642	-2
641	673	2
642	643	1
642	674	-1
643	644	2
643	675	-1
644	645	-2
644	676	1
645	646	-1
645	677	2
646	647	1
646	678	1
647	648	1
647	679	2
648	649	-1
648	680	-2
649	650	-2
649	681	1
650	651	-1
650	682	2
651	652	-2
651	683	1
652	653	1
652	684	2
653	654	-2
653	685	2
654	655	-1
654	686	1
655	656	1
655	687	1
656	657	-1
656	688	2
657	658	-2
657	689	-1
658	659	1
658	690	2
659	660	-1
659	691	2
660	661	2
660	692	-1
661	662	1
661	693	1
662	663	2
662	694	1
663	664	2
663	695	1
664	665	-1
664	696	1
665	666	-1
665	697	1
666	667	1
666	698	-2
667	668	2
667	699	2
668	669	1
668	700	-2
669	670	1
669	701	-1
670	671	2
670	702	-1
671	703	1
672	673	2
672	703	2
672	704	1
673	674	1
673	705	-1
674	675	-2
674	706	-1
675	676	-2
675	707	1
676	677	1
676	708	-1
677	678	1
677	709	-1
678	679	-1
678	710	1
679	680	-1
679	711	2
680	681	-1
680	712	-1
681	682	1
681	713	2
682	683	2
682	714	-1
683	684	-2
683	715	-2
684	685	-2
684	716	-1
685	686	2
685	717	-1
686	687	1
686	718	2
687	688	-1
687	719	-1
688	689	-2
688	720	-2
689	690	1
689	721	1
690	691	-2
690	722	2
691	692	1
691	723	1
692	693	2
692	724	1
693	694	-1
693	725	2
694	695	-2
694	726	-2
695	696	-2
695	727	1
696	697	1
696	728	2
697	698	2
697	729	-2
698	699	1
698	730	-2
699	700	-1
699	731	2
700	701	-2
700	732	-1
701	702	-2
701	733	-1
702	703	2
702	734	2
703	735	2
704	705	-2
704	735	-2
704	736	-2
705	706	-1
705	737	1
706	707	-1
706	738	-1
707	708	-1
707	739	-1
708	709	2
708	740	-2
709	710	1
709	741	2
710	711	-1
710	742	1
711	712	-2
711	743	-1
712	713	1
712	744	1
713	714	2
713	745	-2
714	715	2
714	746	2
715	716	2
715	747	-2
716	717	1
716	748	-1
717	718	1
717	749	-1
718	719	-1
718	750	2
719	720	2
719	751	-1
720	721	-1
720	752	-1
721	722	-2
721	753	-1
722	723	-1
722	754	2
723	724	-1
723	755	-1
724	725	1
724	756	2
725	726	-1
725	757	1
726	727	-1
726	758	1
727	728	1
727	759	-1
728	729	2
728	760	-2
729	730	-1
729	761	1
730	731	2
730	762	-2
731	732	-2
731	763	1
732	733	1
732	764	1
733	734	-1
733	765	1
734	735	1
734	766	1
735	767	-1
736	737	-1
736	767	1
736	768	-2
737	738	2
737	769	2
738	739	2
738	770	-1
739	740	2
739	771	-1
740	741	1
740	772	2
741	742	2
741	773	1
742	743	-1
742	774	-1
743	744	-2
743	775	1
744	745	2
744	776	-1
745	746	-1
745	777	-1
746	747	1
746	778	-2
747	748	-1
747	779	-2
748	749	-2
748	780	-2
749	750	-1
749	781	1
750	751	-2
750	782	-1
751	752	1
751	783	1
752	753	1
752	784	-1
753	754	2
753	785	-2
754	755	-2
754	786	-2
755	756	-2
755	787	2
756	757	-2
756	788	-1
757	758	1
757	789	-2
758	759	-1
758	790	1
759	760	-2
759	791	1
760	761	1
760	792	2
761	762	1
761	793	-2
762	763	1
762	794	-2
763	764	2
763	795	-2
764	765	-1
764	796	1
765	766	-1
765	797	1
766	767	1
766	798	-2
767	799	2
768	769	-2
768	799	1
768	800	-2
769	770	1
769	801	-2
770	771	1
770	802	1
771	772	2
771	803	-2
772	773	-2
772	804	-2
773	774	2
773	805	1
774	775	-1
774	806	2
775	776	-1
775	807	2
776	777	-2
776	808	1
777	778	1
777	809	2
778	779	1
778	810	1
779	780	1
779	811	1
780	781	1
780	812	-1
781	782	-1
781	813	1
782	783	-2
782	814	-1
783	784	1
783	815	-2
784	785	1
784	816	-2
785	786	-1
785	817	1
786	787	1
786	818	-2
787	788	-1
787	819	2
788	789	2
788	820	2
789	790	2
789	821	1
790	791	1
790	822	1
791	792	2
791	823	1
792	793	-1
792	824	-2
793	794	-1
793	825	1
794	795	2
794	826	2
795	796	2
795	827	1
796	797	-1
796	828	-1
797	798	-2
797	829	1
798	799	2
798	830	2
799	831	-2
800	801	1
800	831	1
800	832	-1
801	802	-1
801	833	-1
802	803	1
802	834	1
803	804	-1
803	835	-2
804	805	-2
804	836	-2
805	806	-2
805	837	-2
806	807	1
806	838	-2
807	808	-1
807	839	-2
808	809	1
808	840	-2
809	810	-2
809	841	1
810	811	-1
810	842	1
811	812	-2
811	843	-2
812	813	1
812	844	-1
813	814	1
813	845	1
814	815	1
814	846	1
815	816	-1
815	847	-2
816	817	2
816	848	-2
817	818	-2
817	849	1
818	819	1
818	850	1
819	820	-2
819	851	2
820	821	-1
820	852	-1
821	822	1
821	853	-2
822	823	-1
822	854	1
823	824	-2
823	855	2
824	825	-2
824	856	2
825	826	-1
825	857	-1
826	827	-1
826	858	-1
827	828	1
827	859	-1
828	829	-2
828	860	-1
829	830	2
829	861	2
830	831	1
830	862	1
831	863	-1
832	833	-2
832	863	-1
832	864	2
833	834	-1
833	865	1
834	835	-1
834	866	-1
835	836	1
835	867	-1
836	837	1
836	868	-2
837	838	1
837	869	-1
838	839	-1
838	870	1
839	840	2
839	871	-1
840	841	1
840	872	1
841	842	2
841	873	-1
842	843	-1
842	874	2
843	844	1
843	875	-2
844	845	-1
844	876	-1
845	846	-1
845	877	-1
846	847	1
846	878	-2
847	848	2
847	879	2
848	849	1
848	880	1
849	850	2
849	881	1
850	851	2
850	882	1
851	852	-2
851	883	-2
852	853	1
852	884	1
853	854	2
853	885	-1
854	855	-2
854	886	-2
855	856	1
855	887	1
856	857	1
856	888	-1
857	858	1
857	889	-1
858	859	-1
858	890	-2
859	860	-1
859	891	-1
860	861	2
860	892	-2
861	862	-1
861	893	-2
862	863	1
862	894	-2
863	895	2
864	865	1
864	895	1
864	896	-2
865	866	-1
865	897	1
866	867	1
866	898	-1
867	868	2
867	899	-1
868	869	-1
868	900	-2
869	870	-2
869	901	1
870	871	-1
870	902	-2
871	872	1
871	903	2
872	873	1
872	904	-2
873	874	1
873	905	1
874	875	-2
874	906	2
875	876	2
875	907	-1
876	877	1
876	908	-2
877	878	-2
877	909	-1
878	879	1
878	910	-1
879	880	2
879	911	1
880	881	-1
880	912	-1
881	882	-2
881	913	-2
882	883	1
882	914	1
883	884	-2
883	915	1
884	885	1
884	916	-2
885	886	2
885	917	1
886	887	-2
886	918	-1
887	888	2
887	919	-1
888	889	-1
888	920	1
889	890	1
889	921	2
890	891	2
890	922	1
891	892	-2
891	923	1
892	893	-1
892	924	-2
893	894	2
893	925	2
894	895	1
894	926	-1
895	927	-1
896	897	1
896	927	-2
896	928	2
897	898	-1
897	929	2
898	899	2
898	930	1
899	900	-1
899	931	-1
900	901	2
900	932	-1
901	902	-1
901	933	-1
902	903	1
902	934	1
903	904	1
903	935	1
904	905	2
904	936	1
905	906	-2
905	937	-2
906	907	1
906	938	-2
907	908	-1
907	939	2
908	909	2
908	940	-1
909	910	1
909	941	1
910	911	-2
910	942	2
911	912	2
911	943	-1
912	913	1
912	944	-2
913	914	-1
913	945	-2
914	915	-2
914	946	1
915	916	-1
915	947	2
916	917	2
916	948	2
917	918	2
917	949	1
918	919	2
918	950	-1
919	920	2
919	951	1
920	921	-2
920	952	-1
921	922	-1
921	953	2
922	923	-2
922	954	1
923	924	-2
923	955	-2
924	925	-2
924	956	-2
925	926	1
925	957	1
926	927	1
926	958	-1
927	959	1
928	929	-1
928	959	-1
928	960	2
929	930	1
929	961	-1
930	931	1
930	962	1
931	932	1
931	963	-1
932	933	-1
932	964	1
933	934	1
933	965	1
934	935	-1
934	966	-2
935	936	-2
935	967	-1
936	937	1
936	968	-1
937	938	-1
937	969	-2
938	939	1
938	970	-1
939	940	-1
939	971	-2
940	941	1
940	972	2
941	942	2
941	973	-2
942	943	-1
942	974	1
943	944	2
943	975	2
944	945	-1
944	976	-1
945	946	2
945	977	-2
946	947	1
946	978	1
947	948	-1
947	979	-1
948	949	-2
948	980	-1
949	950	2
949	981	1
950	951	2
950	982	-2
951	952	1
951	983	1
952	953	-1
952	984	-1
953	954	1
953	985	1
954	955	-2
954	986	1
955	956	-2
955	987	2
956	957	-2
956	988	2
957	958	-2
957	989	-1
958	959	1
958	990	-2
959	991	2
960	961	-2
960	991	1
960	992	-1
961	962	1
961	993	-2
962	963	2
962	994	1
963	964	1
963	995	-2
964	965	1
964	996	-1
965	966	2
965	997	-1
966	967	1
966	998	1
967	968	2
967	999	1
968	969	2
968	1000	-1
969	970	1
969	1001	2
970	971	-1
970	1002	1
971	972	-2
971	1003	-1
972	973	1
972	1004	-1
973	974	1
973	1005	-1
974	975	1
974	1006	-1
975	976	1
975	1007	-1
976	977	-2
976	1008	1
977	978	1
977	1009	1
978	979	1
978	1010	-1
979	980	1
979	1011	-2
980	981	2
980	1012	1
981	982	1
981	1013	1
982	983	1
982	1014	-1
983	984	1
983	1015	-1
984	985	2
984	1016	2
985	986	-1
985	1017	-1
986	987	1
986	1018	2
987	988	1
987	1019	-2
988	989	1
988	1020	1
989	990	2
989	1021	-1
990	991	1
990	1022	-2
991	1023	2
992	993	2
992	1023	-1
993	994	-1
994	995	1
995	996	2
996	997	-1
997	998	2
998	999	-2
999	1000	1
1000	1001	2
1001	1002	1
1002	1003	-1
1003	1004	2
1004	1005	-1
1005	1006	2
1006	1007	-2
1007	1008	-1
1008	1009	2
1009	1010	2
1010	1011	-2
1011	1012	1
1012	1013	-2
1013	1014	2
1014	1015	-1
1015	1016	-1
1016	1017	2
1017	1018	-1
1018	1019	2
1019	1020	1
1020	1021	1
1021	1022	1
1022	1023	1
