0	1	-1
0	31	2
0	32	1
0	992	1
1	2	-1
1	33	-1
1	993	2
2	3	2
2	34	1
2	994	2
3	4	-1
3	35	1
3	995	1
4	5	2
4	36	-1
4	996	1
5	6	-2
5	37	-1
5	997	-1
6	7	1
6	38	-1
6	998	-1
7	8	-2
7	39	1
7	999	2
8	9	-2
8	40	2
8	1000	2
9	10	2
9	41	-1
9	1001	-1
10	11	-2
10	42	1
10	1002	-1
11	12	1
11	43	-2
11	1003	1
12	13	-1
12	44	2
12	1004	-1
13	14	-2
13	45	1
13	1005	-2
14	15	-2
14	46	-2
14	1006	1
15	16	2
15	47	1
15	1007	2
16	17	-2
16	48	-2
16	1008	2
17	18	1
17	49	-1
17	1009	2
18	19	-1
18	50	1
18	1010	2
19	20	1
19	51	1
19	1011	-1
20	21	-2
20	52	1
20	1012	-1
21	22	2
21	53	2
21	1013	-1
22	23	1
22	54	-2
22	1014	-1
23	24	-1
23	55	-2
23	1015	1
24	25	2
24	56	1
24	1016	1
25	26	-1
25	57	1
25	1017	-1
26	27	-1
26	58	1
26	1018	-2
27	28	-1
27	59	1
27	1019	1
28	29	-2
28	60	2
28	1020	-2
29	30	1
29	61	-2
29	1021	-1
30	31	-1
30	62	2
30	1022	-1
31	63	-2
31	1023	1
32	33	-1
32	63	-1
32	64	2
33	34	1
33	65	1
34	35	-2
34	66	1
35	36	2
35	67	-2
36	37	-2
36	68	-1
37	38	2
37	69	1
38	39	1
38	70	1
39	40	-2
39	71	2
40	41	-1
40	72	1
41	42	-2
41	73	-1
42	43	-2
42	74	1
43	44	2
43	75	1
44	45	2
44	76	-1
45	46	1
45	77	2
46	47	-1
46	78	-2
47	48	1
47	79	1
48	49	1
48	80	2
49	50	-2
49	81	1
50	51	1
50	82	-2
51	52	-1
51	83	2
52	53	1
52	84	2
53	54	-2
53	85	-1
54	55	-1
54	86	2
55	56	2
55	87	-2
56	57	-1
56	88	-1
57	58	1
57	89	1
58	59	1
58	90	-1
59	60	1
59	91	1
60	61	-1
60	92	1
61	62	-1
61	93	-2
62	63	-1
62	94	-1
63	95	2
64	65	-1
64	95	1
64	96	-2
65	66	-1
65	97	-1
66	67	-1
66	98	-1
67	68	-1
67	99	-1
68	69	-2
68	100	2
69	70	-2
69	101	-1
70	71	2
70	102	1
71	72	2
71	103	2
72	73	2
72	104	-1
73	74	-2
73	105	-1
74	75	1
74	106	2
75	76	1
75	107	-2
76	77	-2
76	108	-1
77	78	1
77	109	1
78	79	-1
78	110	-1
79	80	-2
79	111	2
80	81	2
80	112	-1
81	82	-1
81	113	-1
82	83	-1
82	114	1
83	84	1
83	115	-2
84	85	1
84	116	-1
85	86	-1
85	117	2
86	87	-1
86	118	-1
87	88	-1
87	119	2
88	89	-2
88	120	1
89	90	2
89	121	-1
90	91	2
90	122	2
91	92	-1
91	123	1
92	93	-1
92	124	-2
93	94	2
93	125	-2
94	95	-1
94	126	-2
95	127	-2
96	97	2
96	127	-1
96	128	1
97	98	-1
97	129	-2
98	99	1
98	130	-2
99	100	-2
99	131	1
100	101	-1
100	132	-1
101	102	1
101	133	-1
102	103	-1
102	134	-2
103	104	-2
103	135	-1
104	105	-1
104	136	1
105	106	2
105	137	-2
106	107	1
106	138	-1
107	108	-2
107	139	2
108	109	-2
108	140	-2
109	110	-2
109	141	1
110	111	-2
110	142	-2
111	112	1
111	143	-1
112	113	-2
112	144	-2
113	114	-1
113	145	-2
114	115	-2
114	146	1
115	116	2
115	147	2
116	117	1
116	148	-2
117	118	1
117	149	1
118	119	-2
118	150	2
119	120	-2
119	151	-2
120	121	-2
120	152	-1
121	122	-1
121	153	1
122	123	-2
122	154	-1
123	124	1
123	155	-2
124	125	1
124	156	2
125	126	1
125	157	-1
126	127	1
126	158	-1
127	159	1
128	129	1
128	159	1
128	160	1
129	130	1
129	161	1
130	131	-1
130	162	1
131	132	-2
131	163	2
132	133	-1
132	164	2
133	134	-1
133	165	2
134	135	-1
134	166	2
135	136	-2
135	167	1
136	137	-2
136	168	-1
137	138	-2
137	169	1
138	139	1
138	170	1
139	140	-1
139	171	2
140	141	2
140	172	1
141	142	-1
141	173	2
142	143	2
142	174	-2
143	144	-2
143	175	-1
144	145	-2
144	176	1
145	146	-2
145	177	-1
146	147	-2
146	178	1
147	148	1
147	179	-2
148	149	1
148	180	1
149	150	-2
149	181	1
150	151	-1
150	182	-2
151	152	1
151	183	2
152	153	1
152	184	-2
153	154	-1
153	185	-2
154	155	-2
154	186	1
155	156	1
155	187	-2
156	157	2
156	188	-1
157	158	-1
157	189	2
158	159	1
158	190	-2
159	191	-2
160	161	-2
160	191	2
160	192	1
161	162	-1
161	193	1
162	163	2
162	194	1
163	164	-1
163	195	1
164	165	1
164	196	1
165	166	-2
165	197	-1
166	167	2
166	198	-1
167	168	2
167	199	2
168	169	-1
168	200	-1
169	170	-2
169	201	1
170	171	-1
170	202	-1
171	172	-2
171	203	-1
172	173	-1
172	204	-2
173	174	-2
173	205	2
174	175	-2
174	206	-1
175	176	-2
175	207	-2
176	177	-2
176	208	-1
177	178	2
177	209	-1
178	179	-2
178	210	1
179	180	-1
179	211	-1
180	181	-1
180	212	-2
181	182	-1
181	213	-2
182	183	-1
182	214	-2
183	184	-2
183	215	-2
184	185	-2
184	216	-1
185	186	1
185	217	-1
186	187	-1
186	218	1
187	188	-1
187	219	1
188	189	1
188	220	1
189	190	-1
189	221	-2
190	191	-1
190	222	2
191	223	2
192	193	-1
192	223	-2
192	224	-1
193	194	1
193	225	1
194	195	1
194	226	-1
195	196	1
195	227	1
196	197	-1
196	228	-1
197	198	2
197	229	2
198	199	-1
198	230	-2
199	200	1
199	231	1
200	201	1
200	232	-1
201	202	-2
201	233	2
202	203	-2
202	234	-2
203	204	1
203	235	2
204	205	1
204	236	1
205	206	-2
205	237	-1
206	207	1
206	238	-1
207	208	2
207	239	-2
208	209	-1
208	240	1
209	210	2
209	241	-1
210	211	-1
210	242	-1
211	212	2
211	243	1
212	213	2
212	244	-2
213	214	2
213	245	-1
214	215	-2
214	246	2
215	216	1
215	247	-1
216	217	2
216	248	1
217	218	1
217	249	2
218	219	1
218	250	1
219	220	1
219	251	-1
220	221	-2
220	252	1
221	222	-1
221	253	-2
222	223	2
222	254	-2
223	255	2
224	225	-1
224	255	2
224	256	-1
225	226	1
225	257	2
226	227	1
226	258	-2
227	228	-1
227	259	-1
228	229	-2
228	260	1
229	230	-2
229	261	2
230	231	-2
230	262	1
231	232	-2
231	263	-2
232	233	2
232	264	-1
233	234	2
233	265	1
234	235	-1
234	266	1
235	236	-2
235	267	2
236	237	2
236	268	2
237	238	2
237	269	1
238	239	-1
238	270	-2
239	240	-1
239	271	-1
240	241	-1
240	272	1
241	242	1
241	273	1
242	243	-1
242	274	1
243	244	-1
243	275	-2
244	245	-2
244	276	-1
245	246	2
245	277	2
246	247	-2
246	278	-1
247	248	1
247	279	-2
248	249	-1
248	280	-2
249	250	-1
249	281	-1
250	251	1
250	282	-1
251	252	-1
251	283	1
252	253	-2
252	284	2
253	254	-1
253	285	-1
254	255	1
254	286	-1
255	287	2
256	257	-2
256	287	2
256	288	-1
257	258	1
257	289	2
258	259	2
258	290	2
259	260	-1
259	291	-1
260	261	1
260	292	-2
261	262	1
261	293	-1
262	263	1
262	294	2
263	264	1
263	295	1
264	265	2
264	296	-1
265	266	-2
265	297	2
266	267	2
266	298	1
267	268	1
267	299	-1
268	269	-1
268	300	2
269	270	2
269	301	-2
270	271	-2
270	302	2
271	272	-1
271	303	1
272	273	1
272	304	2
273	274	-1
273	305	-2
274	275	-2
274	306	2
275	276	2
275	307	1
276	277	-1
276	308	-1
277	278	1
277	309	2
278	279	1
278	310	1
279	280	-1
279	311	-1
280	281	-2
280	312	1
281	282	1
281	313	2
282	283	-1
282	314	1
283	284	2
283	315	-2
284	285	2
284	316	-1
285	286	1
285	317	-2
286	287	1
286	318	1
287	319	-2
288	289	-1
288	319	-1
288	320	-2
289	290	-1
289	321	-1
290	291	2
290	322	-1
291	292	-1
291	323	-1
292	293	-1
292	324	1
293	294	-1
293	325	-1
294	295	-2
294	326	1
295	296	2
295	327	1
296	297	1
296	328	-2
297	298	2
297	329	-2
298	299	2
298	330	-1
299	300	2
299	331	-2
300	301	-1
300	332	2
301	302	-2
301	333	-1
302	303	1
302	334	-1
303	304	-2
303	335	1
304	305	1
304	336	2
305	306	1
305	337	1
306	307	1
306	338	-2
307	308	2
307	339	-2
308	309	-2
308	340	-2
309	310	1
309	341	-2
310	311	1
310	342	-2
311	312	2
311	343	-2
312	313	2
312	344	-1
313	314	-2
313	345	1
314	315	-2
314	346	2
315	316	1
315	347	-2
316	317	-2
316	348	1
317	318	-1
317	349	2
318	319	1
318	350	-1
319	351	-1
320	321	1
320	351	1
320	352	1
321	322	2
321	353	2
322	323	1
322	354	1
323	324	-1
323	355	1
324	325	1
324	356	-2
325	326	-1
325	357	1
326	327	2
326	358	-2
327	328	1
327	359	-1
328	329	1
328	360	2
329	330	-1
329	361	-1
330	331	2
330	362	-1
331	332	1
331	363	-2
332	333	-2
332	364	-2
333	334	2
333	365	1
334	335	-2
334	366	-1
335	336	1
335	367	-1
336	337	1
336	368	-2
337	338	2
337	369	-2
338	339	1
338	370	1
339	340	-1
339	371	-1
340	341	-2
340	372	-1
341	342	-2
341	373	1
342	343	2
342	374	-1
343	344	-2
343	375	-2
344	345	1
344	376	1
345	346	2
345	377	2
346	347	2
346	378	2
347	348	2
347	379	2
348	349	-1
348	380	-1
349	350	-2
349	381	-1
350	351	-2
350	382	-2
351	383	-2
352	353	-1
352	383	2
352	384	-1
353	354	2
353	385	1
354	355	-2
354	386	2
355	356	2
355	387	-2
356	357	2
356	388	1
357	358	2
357	389	1
358	359	-1
358	390	1
359	360	2
359	391	-1
360	361	2
360	392	2
361	362	-2
361	393	1
362	363	-2
362	394	-1
363	364	-2
363	395	-1
364	365	-1
364	396	1
365	366	-2
365	397	1
366	367	2
366	398	1
367	368	-1
367	399	-2
368	369	-2
368	400	-2
369	370	-1
369	401	-1
370	371	1
370	402	2
371	372	2
371	403	-2
372	373	-2
372	404	2
373	374	-2
373	405	-2
374	375	-1
374	406	-2
375	376	2
375	407	2
376	377	-2
376	408	-1
377	378	2
377	409	2
378	379	-1
378	410	-1
379	380	2
379	411	2
380	381	2
380	412	-1
381	382	-2
381	413	-1
382	383	1
382	414	-1
383	415	1
384	385	-1
384	415	2
384	416	2
385	386	-2
385	417	-2
386	387	2
386	418	1
387	388	1
387	419	-1
388	389	-2
388	420	1
389	390	-2
389	421	-2
390	391	2
390	422	-2
391	392	1
391	423	-1
392	393	2
392	424	2
393	394	-1
393	425	-1
394	395	-2
394	426	-2
395	396	-2
395	427	2
396	397	-2
396	428	-1
397	398	2
397	429	-2
398	399	-2
398	430	1
399	400	1
399	431	-1
400	401	2
400	432	-1
401	402	-1
401	433	1
402	403	-1
402	434	1
403	404	1
403	435	-1
404	405	1
404	436	1
405	406	1
405	437	-1
406	407	-1
406	438	-2
407	408	2
407	439	-1
408	409	-2
408	440	1
409	410	1
409	441	-2
410	411	2
410	442	-1
411	412	2
411	443	-2
412	413	1
412	444	-1
413	414	2
413	445	2
414	415	2
414	446	1
415	447	1
416	417	-2
416	447	2
416	448	-1
417	418	-1
417	449	-1
418	419	2
418	450	2
419	420	2
419	451	1
420	421	-1
420	452	2
421	422	-2
421	453	1
422	423	-2
422	454	2
423	424	1
423	455	-2
424	425	1
424	456	1
425	426	-2
425	457	1
426	427	-1
426	458	2
427	428	1
427	459	-2
428	429	2
428	460	1
429	430	-2
429	461	1
430	431	-2
430	462	2
431	432	2
431	463	1
432	433	1
432	464	-2
433	434	-1
433	465	1
434	435	-1
434	466	1
435	436	-2
435	467	1
436	437	1
436	468	1
437	438	-1
437	469	1
438	439	2
438	470	-1
439	440	-1
439	471	2
440	441	-2
440	472	1
441	442	-2
441	473	-1
442	443	-1
442	474	1
443	444	2
443	475	2
444	445	2
444	476	1
445	446	-1
445	477	-2
446	447	-2
446	478	-1
447	479	-2
448	449	-1
448	479	-1
448	480	1
449	450	-1
449	481	1
450	451	2
450	482	1
451	452	-1
451	483	2
452	453	-1
452	484	1
453	454	2
453	485	-2
454	455	-1
454	486	-2
455	456	1
455	487	1
456	457	1
456	488	2
457	458	1
457	489	-2
458	459	-1
458	490	-1
459	460	2
459	491	1
460	461	-2
460	492	2
461	462	2
461	493	-1
462	463	2
462	494	-1
463	464	2
463	495	2
464	465	1
464	496	2
465	466	1
465	497	1
466	467	1
466	498	-1
467	468	1
467	499	1
468	469	2
468	500	1
469	470	-1
469	501	2
470	471	-1
470	502	-1
471	472	1
471	503	1
472	473	-1
472	504	-2
473	474	-2
473	505	1
474	475	-2
474	506	-1
475	476	-1
475	507	-2
476	477	-1
476	508	-1
477	478	2
477	509	-1
478	479	-1
478	510	-1
479	511	-2
480	481	1
480	511	-2
480	512	-1
481	482	-2
481	513	2
482	483	-1
482	514	1
483	484	1
483	515	1
484	485	-2
484	516	1
485	486	2
485	517	-2
486	487	-2
486	518	-1
487	488	-2
487	519	2
488	489	2
488	520	-1
489	490	1
489	521	1
490	491	-1
490	522	1
491	492	-2
491	523	-1
492	493	-1
492	524	-2
493	494	-1
493	525	2
494	495	2
494	526	-1
495	496	2
495	527	1
496	497	-2
496	528	1
497	498	-1
497	529	-1
498	499	1
498	530	-1
499	500	2
499	531	1
500	501	-2
500	532	-1
501	502	-1
501	533	-1
502	503	-1
502	534	-2
503	504	2
503	535	-1
504	505	-2
504	536	-1
505	506	-1
505	537	2
506	507	2
506	538	1
507	508	-1
507	539	-2
508	509	1
508	540	1
509	510	-1
509	541	2
510	511	2
510	542	2
511	543	-2
512	513	2
512	543	2
512	544	-1
513	514	1
513	545	-2
514	515	-1
514	546	1
515	516	-1
515	547	-1
516	517	2
516	548	1
517	518	-1
517	549	1
518	519	-2
518	550	-2
519	520	-1
519	551	-1
520	521	-2
520	552	2
521	522	-1
521	553	-1
522	523	1
522	554	2
523	524	2
523	555	-2
524	525	-2
524	556	-2
525	526	-1
525	557	2
526	527	1
526	558	1
527	528	-2
527	559	1
528	529	2
528	560	2
529	530	1
529	561	1
530	531	2
530	562	-2
531	532	2
531	563	1
532	533	-1
532	564	1
533	534	2
533	565	1
534	535	2
534	566	1
535	536	-2
535	567	-2
536	537	-1
536	568	2
537	538	2
537	569	-2
538	539	1
538	570	2
539	540	-1
539	571	-2
540	541	-1
540	572	-1
541	542	1
541	573	-1
542	543	-2
542	574	2
543	575	-1
544	545	-1
544	575	-2
544	576	-1
545	546	2
545	577	2
546	547	-1
546	578	-1
547	548	2
547	579	2
548	549	-2
548	580	-1
549	550	2
549	581	2
550	551	1
550	582	-2
551	552	-1
551	583	-2
552	553	-1
552	584	1
553	554	-1
553	585	1
554	555	2
554	586	-2
555	556	2
555	587	2
556	557	-1
556	588	-1
557	558	-2
557	589	2
558	559	-1
558	590	1
559	560	1
559	591	-1
560	561	-2
560	592	-1
561	562	1
561	593	-2
562	563	1
562	594	1
563	564	2
563	595	-1
564	565	1
564	596	1
565	566	2
565	597	2
566	567	1
566	598	1
567	568	1
567	599	2
568	569	-1
568	600	2
569	570	-2
569	601	-2
570	571	2
570	602	1
571	572	-2
571	603	1
572	573	1
572	604	-1
573	574	2
573	605	2
574	575	-1
574	606	-1
575	607	2
576	577	-1
576	607	-1
576	608	-2
577	578	1
577	609	-2
578	579	2
578	610	-2
579	580	1
579	611	-1
580	581	1
580	612	-2
581	582	1
581	613	-1
582	583	-2
582	614	1
583	584	-1
583	615	1
584	585	-1
584	616	-2
585	586	-2
585	617	-2
586	587	-1
586	618	1
587	588	2
587	619	1
588	589	-1
588	620	-2
589	590	1
589	621	1
590	591	-1
590	622	1
591	592	-1
591	623	-1
592	593	-1
592	624	1
593	594	2
593	625	-2
594	595	1
594	626	-2
595	596	2
595	627	1
596	597	2
596	628	1
597	598	-1
597	629	-1
598	599	2
598	630	1
599	600	-1
599	631	-1
600	601	2
600	632	1
601	602	-2
601	633	1
602	603	2
602	634	1
603	604	-2
603	635	1
604	605	1
604	636	-1
605	606	2
605	637	-2
606	607	-2
606	638	-1
607	639	1
608	609	1
608	639	-1
608	640	2
609	610	-1
609	641	-1
610	611	-2
610	642	-1
611	612	-1
611	643	-1
612	613	-1
612	644	-2
613	614	-1
613	645	-2
614	615	2
614	646	1
615	616	-2
615	647	1
616	617	2
616	648	1
617	618	2
617	649	2
618	619	1
618	650	1
619	620	-1
619	651	1
620	621	-2
620	652	2
621	622	-2
621	653	-1
622	623	-2
622	654	2
623	624	-2
623	655	-1
624	625	-1
624	656	2
625	626	-1
625	657	1
626	627	2
626	658	-1
627	628	-2
627	659	1
628	629	2
628	660	-1
629	630	-1
629	661	1
630	631	2
630	662	-1
631	632	-2
631	663	1
632	633	-2
632	664	2
633	634	-2
633	665	-2
634	635	-2
634	666	-1
635	636	2
635	667	-1
636	637	-2
636	668	-2
637	638	-2
637	669	1
638	639	-2
638	670	2
639	671	1
640	641	1
640	671	2
640	672	-1
641	642	2
641	673	1
642	643	-1
642	674	-1
643	644	2
643	675	-1
644	645	2
644	676	2
645	646	-2
645	677	-1
646	647	-2
646	678	-2
647	648	2
647	679	1
648	649	1
648	680	1
649	650	-1
649	681	1
650	651	-2
650	682	-1
651	652	2
651	683	-1
652	653	-2
652	684	1
653	654	-1
653	685	1
654	655	1
654	686	-1
655	656	-1
655	687	-2
656	657	-1
656	688	-1
657	658	-1
657	689	1
658	659	2
658	690	-1
659	660	-2
659	691	-2
660	661	-1
660	692	-1
661	662	-2
661	693	-1
662	663	-2
662	694	1
663	664	1
663	695	-2
664	665	2
664	696	2
665	666	1
665	697	1
666	667	-1
666	698	1
667	668	-2
667	699	-1
668	669	1
668	700	1
669	670	1
669	701	2
670	671	-1
670	702	1
671	703	2
672	673	1
672	703	-2
672	704	-2
673	674	-1
673	705	-1
674	675	1
674	706	2
675	676	1
675	707	2
676	677	1
676	708	-2
677	678	1
677	709	-1
678	679	-2
678	710	-2
679	680	1
679	711	-2
680	681	-1
680	712	2
681	682	-2
681	713	1
682	683	2
682	714	-2
683	684	2
683	715	1
684	685	2
684	716	-2
685	686	-1
685	717	-1
686	687	-2
686	718	1
687	688	2
687	719	-2
688	689	-1
688	720	1
689	690	1
689	721	-1
690	691	-2
690	722	-2
691	692	1
691	723	1
692	693	1
692	724	1
693	694	1
693	725	-1
694	695	-1
694	726	-1
695	696	-1
695	727	-1
696	697	-2
696	728	2
697	698	1
697	729	2
698	699	-1
698	730	-2
699	700	-2
699	731	2
700	701	-2
700	732	-2
701	702	-1
701	733	1
702	703	2
702	734	1
703	735	2
704	705	-2
704	735	-1
704	736	-1
705	706	-1
705	737	2
706	707	2
706	738	-1
707	708	2
707	739	-1
708	709	1
708	740	-2
709	710	-2
709	741	-2
710	711	-2
710	742	1
711	712	2
711	743	2
712	713	1
712	744	1
713	714	-1
713	745	-1
714	715	1
714	746	1
715	716	2
715	747	1
716	717	-1
716	748	1
717	718	-1
717	749	-1
718	719	1
718	750	2
719	720	1
719	751	-2
720	721	-1
720	752	-2
721	722	-2
721	753	2
722	723	2
722	754	1
723	724	-1
723	755	-2
724	725	-1
724	756	-2
725	726	-1
725	757	-2
726	727	2
726	758	2
727	728	-2
727	759	-1
728	729	-1
728	760	2
729	730	1
729	761	-2
730	731	1
730	762	1
731	732	-1
731	763	1
732	733	2
732	764	-1
733	734	1
733	765	1
734	735	-2
734	766	1
735	767	-2
736	737	-1
736	767	1
736	768	-1
737	738	1
737	769	-1
738	739	-1
738	770	1
739	740	-1
739	771	1
740	741	-1
740	772	-2
741	742	1
741	773	1
742	743	1
742	774	-1
743	744	-1
743	775	2
744	745	1
744	776	-2
745	746	-2
745	777	1
746	747	-1
746	778	2
747	748	-2
747	779	2
748	749	-1
748	780	-1
749	750	2
749	781	2
750	751	1
750	782	1
751	752	1
751	783	2
752	753	-1
752	784	-2
753	754	-2
753	785	2
754	755	1
754	786	1
755	756	-1
755	787	1
756	757	2
756	788	1
757	758	2
757	789	-2
758	759	1
758	790	2
759	760	1
759	791	1
760	761	-1
760	792	1
761	762	-1
761	793	-2
762	763	-1
762	794	-1
763	764	1
763	795	2
764	765	2
764	796	2
765	766	-1
765	797	-2
766	767	-1
766	798	-2
767	799	1
768	769	2
768	799	1
768	800	-2
769	770	1
769	801	-1
770	771	1
770	802	1
771	772	-2
771	803	-1
772	773	2
772	804	-1
773	774	2
773	805	-2
774	775	-2
774	806	2
775	776	-2
775	807	-1
776	777	2
776	808	-1
777	778	1
777	809	1
778	779	-1
778	810	2
779	780	-1
779	811	2
780	781	-1
780	812	-1
781	782	-1
781	813	-1
782	783	1
782	814	1
783	784	1
783	815	-1
784	785	1
784	816	1
785	786	1
785	817	-1
786	787	1
786	818	-1
787	788	2
787	819	1
788	789	1
788	820	-1
789	790	1
789	821	2
790	791	-2
790	822	1
791	792	-1
791	823	-2
792	793	-2
792	824	2
793	794	1
793	825	-2
794	795	-2
794	826	-2
795	796	-2
795	827	-1
796	797	-2
796	828	1
797	798	1
797	829	1
798	799	1
798	830	1
799	831	-1
800	801	-2
800	831	1
800	832	2
801	802	1
801	833	1
802	803	2
802	834	-1
803	804	-1
803	835	-2
804	805	-1
804	836	1
805	806	-1
805	837	-1
806	807	-1
806	838	-1
807	808	-1
807	839	-2
808	809	1
808	840	-2
809	810	1
809	841	2
810	811	1
810	842	-1
811	812	-1
811	843	2
812	813	1
812	844	-1
813	814	-1
813	845	1
814	815	1
814	846	-1
815	816	1
815	847	-1
816	817	1
816	848	-1
817	818	-2
817	849	1
818	819	1
818	850	1
819	820	1
819	851	1
820	821	2
820	852	-1
821	822	-1
821	853	-2
822	823	-1
822	854	-2
823	824	-2
823	855	1
824	825	-1
824	856	-2
825	826	-1
825	857	-1
826	827	2
826	858	-1
827	828	1
827	859	1
828	829	2
828	860	-1
829	830	-1
829	861	-1
830	831	2
830	862	-1
831	863	-1
832	833	-2
832	863	2
832	864	-2
833	834	1
833	865	1
834	835	-1
834	866	2
835	836	-2
835	867	2
836	837	-1
836	868	1
837	838	1
837	869	-2
838	839	1
838	870	2
839	840	1
839	871	-1
840	841	1
840	872	-2
841	842	2
841	873	-2
842	843	-1
842	874	1
843	844	-2
843	875	-1
844	845	1
844	876	1
845	846	-1
845	877	-2
846	847	2
846	878	-1
847	848	-2
847	879	2
848	849	2
848	880	1
849	850	1
849	881	-1
850	851	-2
850	882	-2
851	852	1
851	883	1
852	853	-1
852	884	2
853	854	2
853	885	-1
854	855	1
854	886	-1
855	856	-2
855	887	1
856	857	2
856	888	1
857	858	1
857	889	2
858	859	-2
858	890	1
859	860	1
859	891	1
860	861	2
860	892	-2
861	862	1
861	893	-2
862	863	1
862	894	-1
863	895	-1
864	865	-2
864	895	-1
864	896	-2
865	866	2
865	897	1
866	867	2
866	898	-2
867	868	-1
867	899	2
868	869	-2
868	900	1
869	870	-1
869	901	1
870	871	2
870	902	1
871	872	2
871	903	-2
872	873	-1
872	904	-1
873	874	1
873	905	-1
874	875	-2
874	906	-1
875	876	2
875	907	-1
876	877	2
876	908	2
877	878	-2
877	909	-1
878	879	1
878	910	-2
879	880	-1
879	911	-2
880	881	1
880	912	-2
881	882	2
881	913	-1
882	883	-1
882	914	1
883	884	1
883	915	1
884	885	-2
884	916	-2
885	886	1
885	917	1
886	887	1
886	918	-2
887	888	2
887	919	2
888	889	-1
888	920	1
889	890	-1
889	921	-1
890	891	1
890	922	-2
891	892	1
891	923	1
892	893	-1
892	924	-1
893	894	1
893	925	-1
894	895	-1
894	926	-1
895	927	2
896	897	-1
896	927	-1
896	928	2
897	898	1
897	929	-2
898	899	1
898	930	-2
899	900	2
899	931	-1
900	901	2
900	932	-1
901	902	1
901	933	2
902	903	-1
902	934	1
903	904	-1
903	935	1
904	905	2
904	936	1
905	906	-1
905	937	2
906	907	1
906	938	1
907	908	2
907	939	2
908	909	-1
908	940	1
909	910	1
909	941	1
910	911	-1
910	942	-2
911	912	1
911	943	-1
912	913	1
912	944	-1
913	914	2
913	945	1
914	915	2
914	946	-2
915	916	2
915	947	1
916	917	1
916	948	1
917	918	2
917	949	-1
918	919	-2
918	950	2
919	920	-2
919	951	1
920	921	-1
920	952	1
921	922	1
921	953	1
922	923	1
922	954	2
923	924	1
923	955	-2
924	925	-1
924	956	2
925	926	-1
925	957	1
926	927	2
926	958	-2
927	959	2
928	929	-1
928	959	-2
928	960	-2
929	930	1
929	961	-1
930	931	-2
930	962	-1
931	932	2
931	963	-2
932	933	1
932	964	1
933	934	2
933	965	-2
934	935	1
934	966	2
935	936	-2
935	967	2
936	937	-1
936	968	1
937	938	-2
937	969	-1
938	939	-1
938	970	2
939	940	1
939	971	-1
940	941	1
940	972	2
941	942	-2
941	973	2
942	943	1
942	974	1
943	944	-1
943	975	1
944	945	1
944	976	-1
945	946	-2
945	977	-1
946	947	1
946	978	2
947	948	1
947	979	1
948	949	1
948	980	-1
949	950	-1
949	981	1
950	951	2
950	982	-1
951	952	1
951	983	-2
952	953	1
952	984	1
953	954	-1
953	985	-2
954	955	2
954	986	1
955	956	-1
955	987	2
956	957	2
956	988	-2
957	958	1
957	989	1
958	959	1
958	990	-1
959	991	-1
960	961	1
960	991	1
960	992	-1
961	962	-1
961	993	1
962	963	1
962	994	-1
963	964	2
963	995	1
964	965	-2
964	996	2
965	966	1
965	997	-1
966	967	-2
966	998	-2
967	968	1
967	999	-1
968	969	-1
968	1000	-2
969	970	-1
969	1001	2
970	971	-1
970	1002	-2
971	972	1
971	1003	2
972	973	2
972	1004	2
973	974	2
973	1005	-2
974	975	1
974	1006	2
975	976	-1
975	1007	-2
976	977	-1
976	1008	2
977	978	-2
977	1009	-2
978	979	-2
978	1010	2
979	980	1
979	1011	-1
980	981	2
980	1012	-1
981	982	-1
981	1013	-1
982	983	-1
982	1014	-2
983	984	2
983	1015	-2
984	985	-1
984	1016	-2
985	986	-2
985	1017	2
986	987	-2
986	1018	-2
987	988	-1
987	1019	2
988	989	-1
988	1020	1
989	990	2
989	1021	-1
990	991	2
990	1022	2
991	1023	-1
992	993	1
992	1023	-2
993	994	1
994	995	1
995	996	1
996	997	-2
997	998	2
998	999	2
999	1000	1
1000	1001	-2
1001	1002	-2
1002	1003	-1
1003	1004	2
1004	1005	1
1005	1006	-1
1006	1007	2
1007	1008	-1
1008	1009	-1
1009	1010	-1
1010	1011	-2
1011	1012	-2
1012	1013	-2
1013	1014	-1
1014	1015	1
1015	1016	1
1016	1017	-2
1017	1018	1
1018	1019	-1
1019	1020	-2
1020	1021	-1
1021	1022	-1
1022	1023	2
