0	1	2
0	31	2
0	32	1
0	992	1
1	2	-1
1	33	2
1	993	-2
2	3	-2
2	34	1
2	994	-1
3	4	1
3	35	2
3	995	1
4	5	2
4	36	-1
4	996	1
5	6	-1
5	37	-2
5	997	2
6	7	-1
6	38	-1
6	998	1
7	8	1
7	39	1
7	999	1
8	9	1
8	40	-1
8	1000	1
9	10	2
9	41	-1
9	1001	1
10	11	2
10	42	2
10	1002	-2
11	12	-1
11	43	-1
11	1003	2
12	13	-2
12	44	-1
12	1004	-2
13	14	-1
13	45	1
13	1005	-2
14	15	1
14	46	-1
14	1006	1
15	16	2
15	47	2
15	1007	-1
16	17	2
16	48	1
16	1008	2
17	18	-1
17	49	-2
17	1009	-2
18	19	-1
18	50	1
18	1010	1
19	20	1
19	51	-1
19	1011	1
20	21	2
20	52	-2
20	1012	-2
21	22	2
21	53	-1
21	1013	1
22	23	1
22	54	-2
22	1014	2
23	24	2
23	55	1
23	1015	2
24	25	-2
24	56	1
24	1016	1
25	26	1
25	57	1
25	1017	2
26	27	-2
26	58	2
26	1018	-1
27	28	1
27	59	-1
27	1019	-2
28	29	-2
28	60	-1
28	1020	1
29	30	1
29	61	-1
29	1021	1
30	31	2
30	62	1
30	1022	1
31	63	1
31	1023	-2
32	33	-2
32	63	1
32	64	2
33	34	-1
33	65	-1
34	35	2
34	66	2
35	36	-2
35	67	-2
36	37	-1
36	68	-1
37	38	1
37	69	-2
38	39	-1
38	70	-2
39	40	-2
39	71	-2
40	41	-1
40	72	-1
41	42	2
41	73	2
42	43	2
42	74	-1
43	44	2
43	75	1
44	45	-1
44	76	1
45	46	-1
45	77	1
46	47	2
46	78	-1
47	48	-1
47	79	2
48	49	1
48	80	-2
49	50	2
49	81	-1
50	51	-2
50	82	1
51	52	-2
51	83	2
52	53	-2
52	84	-1
53	54	-1
53	85	-1
54	55	1
54	86	-1
55	56	-2
55	87	2
56	57	2
56	88	1
57	58	-2
57	89	-2
58	59	-2
58	90	2
59	60	-1
59	91	-1
60	61	1
60	92	2
61	62	1
61	93	-2
62	63	-1
62	94	-1
63	95	-2
64	65	-2
64	95	1
64	96	-2
65	66	-2
65	97	-2
66	67	-2
66	98	-1
67	68	1
67	99	2
68	69	-1
68	100	2
69	70	-2
69	101	2
70	71	-1
70	102	1
71	72	1
71	103	-2
72	73	2
72	104	-1
73	74	1
73	105	-1
74	75	-1
74	106	1
75	76	-2
75	107	-1
76	77	-1
76	108	2
77	78	-1
77	109	-1
78	79	-2
78	110	1
79	80	-2
79	111	2
80	81	-1
80	112	-1
81	82	2
81	113	1
82	83	2
82	114	-2
83	84	-2
83	115	2
84	85	1
84	116	-2
85	86	1
85	117	-1
86	87	-1
86	118	-1
87	88	2
87	119	2
88	89	-1
88	120	1
89	90	-1
89	121	-2
90	91	-2
90	122	-2
91	92	-2
91	123	1
92	93	-1
92	124	-1
93	94	-2
93	125	-1
94	95	-1
94	126	-2
95	127	-1
96	97	1
96	127	-2
96	128	-2
97	98	2
97	129	-1
98	99	-2
98	130	1
99	100	1
99	131	-1
100	101	2
100	132	-1
101	102	1
101	133	-1
102	103	-2
102	134	2
103	104	2
103	135	2
104	105	-1
104	136	1
105	106	2
105	137	2
106	107	-1
106	138	1
107	108	2
107	139	-1
108	109	-2
108	140	-2
109	110	-1
109	141	-1
110	111	2
110	142	-1
111	112	-2
111	143	-2
112	113	-2
112	144	-1
113	114	1
113	145	2
114	115	1
114	146	1
115	116	-1
115	147	-2
116	117	-2
116	148	-1
117	118	-1
117	149	-2
118	119	-2
118	150	-1
119	120	1
119	151	-1
120	121	-2
120	152	-1
121	122	2
121	153	-1
122	123	-2
122	154	1
123	124	-2
123	155	-1
124	125	1
124	156	1
125	126	-1
125	157	1
126	127	2
126	158	-2
127	159	1
128	129	-2
128	159	-2
128	160	-1
129	130	2
129	161	-1
130	131	2
130	162	-1
131	132	-1
131	163	-1
132	133	-1
132	164	-1
133	134	1
133	165	-1
134	135	-2
134	166	-2
135	136	-1
135	167	-1
136	137	-1
136	168	-1
137	138	-1
137	169	-2
138	139	1
138	170	-2
139	140	-1
139	171	-2
140	141	-2
140	172	2
141	142	1
141	173	1
142	143	2
142	174	2
143	144	1
143	175	-2
144	145	2
144	176	-2
145	146	-1
145	177	-1
146	147	2
146	178	-2
147	148	2
147	179	-2
148	149	-1
148	180	2
149	150	2
149	181	-2
150	151	2
150	182	2
151	152	-1
151	183	-1
152	153	2
152	184	-2
153	154	2
153	185	-1
154	155	-1
154	186	-2
155	156	-2
155	187	2
156	157	2
156	188	-1
157	158	-2
157	189	-1
158	159	2
158	190	-2
159	191	1
160	161	2
160	191	-1
160	192	-1
161	162	-1
161	193	-2
162	163	-2
162	194	-2
163	164	-2
163	195	-1
164	165	1
164	196	2
165	166	2
165	197	-1
166	167	1
166	198	-2
167	168	2
167	199	1
168	169	2
168	200	1
169	170	-1
169	201	1
170	171	-1
170	202	-2
171	172	1
171	203	2
172	173	2
172	204	1
173	174	-2
173	205	-1
174	175	1
174	206	2
175	176	-2
175	207	1
176	177	-1
176	208	-1
177	178	1
177	209	1
178	179	-1
178	210	1
179	180	1
179	211	2
180	181	-1
180	212	-2
181	182	-2
181	213	2
182	183	2
182	214	2
183	184	1
183	215	-1
184	185	-2
184	216	1
185	186	1
185	217	-2
186	187	-1
186	218	-2
187	188	1
187	219	1
188	189	-2
188	220	1
189	190	1
189	221	1
190	191	2
190	222	1
191	223	-2
192	193	-2
192	223	2
192	224	2
193	194	1
193	225	1
194	195	2
194	226	-1
195	196	-2
195	227	2
196	197	2
196	228	-2
197	198	-2
197	229	-1
198	199	2
198	230	-2
199	200	-2
199	231	1
200	201	1
200	232	2
201	202	-2
201	233	-1
202	203	1
202	234	-1
203	204	-2
203	235	-1
204	205	-2
204	236	2
205	206	-2
205	237	-1
206	207	1
206	238	1
207	208	-2
207	239	2
208	209	2
208	240	-1
209	210	-1
209	241	-2
210	211	2
210	242	2
211	212	1
211	243	-1
212	213	1
212	244	2
213	214	1
213	245	-1
214	215	-2
214	246	-2
215	216	1
215	247	1
216	217	1
216	248	2
217	218	-2
217	249	2
218	219	-2
218	250	-1
219	220	-1
219	251	-1
220	221	-2
220	252	1
221	222	-1
221	253	1
222	223	1
222	254	1
223	255	1
224	225	2
224	255	-2
224	256	-2
225	226	1
225	257	2
226	227	1
226	258	-2
227	228	2
227	259	-1
228	229	-2
228	260	2
229	230	1
229	261	-1
230	231	2
230	262	-2
231	232	1
231	263	-1
232	233	1
232	264	-1
233	234	-1
233	265	2
234	235	-1
234	266	2
235	236	-2
235	267	2
236	237	-1
236	268	-2
237	238	1
237	269	-1
238	239	-2
238	270	-1
239	240	-1
239	271	-1
240	241	-1
240	272	1
241	242	-2
241	273	1
242	243	2
242	274	-1
243	244	1
243	275	1
244	245	2
244	276	-1
245	246	-1
245	277	-2
246	247	-1
246	278	1
247	248	2
247	279	2
248	249	-2
248	280	-1
249	250	-1
249	281	-2
250	251	2
250	282	-1
251	252	-1
251	283	-1
252	253	2
252	284	-1
253	254	-1
253	285	-1
254	255	-2
254	286	1
255	287	-1
256	257	-2
256	287	2
256	288	-1
257	258	2
257	289	-2
258	259	2
258	290	2
259	260	2
259	291	-1
260	261	-1
260	292	-1
261	262	-1
261	293	1
262	263	2
262	294	1
263	264	-1
263	295	-1
264	265	1
264	296	-2
265	266	1
265	297	1
266	267	-2
266	298	-2
267	268	-1
267	299	-2
268	269	-2
268	300	-2
269	270	-1
269	301	1
270	271	-1
270	302	2
271	272	-1
271	303	-2
272	273	1
272	304	1
273	274	-2
273	305	-1
274	275	-1
274	306	-1
275	276	1
275	307	-1
276	277	-1
276	308	1
277	278	-1
277	309	-1
278	279	1
278	310	-2
279	280	1
279	311	-2
280	281	-2
280	312	-2
281	282	2
281	313	-1
282	283	-2
282	314	2
283	284	2
283	315	1
284	285	1
284	316	-1
285	286	-1
285	317	-1
286	287	-2
286	318	-2
287	319	-2
288	289	1
288	319	-1
288	320	2
289	290	-2
289	321	2
290	291	2
290	322	-1
291	292	-1
291	323	1
292	293	-1
292	324	-2
293	294	-1
293	325	-1
294	295	2
294	326	1
295	296	1
295	327	-2
296	297	1
296	328	-1
297	298	-2
297	329	2
298	299	1
298	330	2
299	300	2
299	331	2
300	301	-2
300	332	-2
301	302	2
301	333	2
302	303	-2
302	334	-1
303	304	-1
303	335	1
304	305	1
304	336	1
305	306	1
305	337	-1
306	307	1
306	338	1
307	308	-2
307	339	2
308	309	-1
308	340	-1
309	310	-1
309	341	1
310	311	-2
310	342	-1
311	312	-2
311	343	-2
312	313	2
312	344	1
313	314	2
313	345	2
314	315	1
314	346	-2
315	316	1
315	347	1
316	317	-1
316	348	1
317	318	-1
317	349	1
318	319	1
318	350	-2
319	351	-2
320	321	-2
320	351	-2
320	352	1
321	322	-1
321	353	2
322	323	2
322	354	1
323	324	-1
323	355	2
324	325	1
324	356	-1
325	326	-2
325	357	-1
326	327	-2
326	358	2
327	328	-2
327	359	-2
328	329	1
328	360	-2
329	330	1
329	361	2
330	331	-2
330	362	2
331	332	1
331	363	2
332	333	2
332	364	2
333	334	2
333	365	-2
334	335	-1
334	366	-1
335	336	1
335	367	1
336	337	-1
336	368	1
337	338	1
337	369	-1
338	339	-1
338	370	-1
339	340	-1
339	371	-2
340	341	-1
340	372	-1
341	342	-1
341	373	2
342	343	-1
342	374	-1
343	344	-1
343	375	1
344	345	-1
344	376	-2
345	346	1
345	377	-2
346	347	-1
346	378	2
347	348	-1
347	379	-2
348	349	-1
348	380	-1
349	350	-2
349	381	1
350	351	-2
350	382	-1
351	383	2
352	353	2
352	383	2
352	384	1
353	354	-1
353	385	-1
354	355	-1
354	386	-1
355	356	1
355	387	-2
356	357	-1
356	388	-2
357	358	2
357	389	-1
358	359	-1
358	390	2
359	360	-2
359	391	-1
360	361	1
360	392	-1
361	362	-2
361	393	-1
362	363	1
362	394	-2
363	364	-2
363	395	-1
364	365	1
364	396	-1
365	366	1
365	397	-2
366	367	-2
366	398	1
367	368	1
367	399	1
368	369	-1
368	400	1
369	370	1
369	401	1
370	371	2
370	402	-2
371	372	2
371	403	1
372	373	-2
372	404	-1
373	374	2
373	405	-1
374	375	-1
374	406	2
375	376	1
375	407	-1
376	377	1
376	408	1
377	378	1
377	409	1
378	379	-1
378	410	1
379	380	2
379	411	-2
380	381	-1
380	412	1
381	382	1
381	413	2
382	383	-1
382	414	-1
383	415	-2
384	385	1
384	415	1
384	416	-2
385	386	1
385	417	-1
386	387	1
386	418	1
387	388	-2
387	419	1
388	389	1
388	420	1
389	390	2
389	421	1
390	391	-2
390	422	-2
391	392	2
391	423	-2
392	393	-1
392	424	1
393	394	2
393	425	-2
394	395	-1
394	426	-1
395	396	2
395	427	1
396	397	1
396	428	1
397	398	2
397	429	1
398	399	2
398	430	2
399	400	-2
399	431	-2
400	401	-2
400	432	1
401	402	1
401	433	2
402	403	-1
402	434	2
403	404	2
403	435	2
404	405	2
404	436	-1
405	406	1
405	437	-1
406	407	2
406	438	1
407	408	2
407	439	-2
408	409	-1
408	440	-2
409	410	-1
409	441	2
410	411	-1
410	442	-2
411	412	1
411	443	1
412	413	-2
412	444	-1
413	414	2
413	445	-1
414	415	-1
414	446	2
415	447	1
416	417	-2
416	447	2
416	448	2
417	418	-2
417	449	-1
418	419	-1
418	450	2
419	420	-1
419	451	-2
420	421	-1
420	452	-2
421	422	-2
421	453	-1
422	423	1
422	454	-2
423	424	1
423	455	2
424	425	-2
424	456	-2
425	426	-1
425	457	1
426	427	-1
426	458	-2
427	428	2
427	459	1
428	429	-1
428	460	-1
429	430	1
429	461	-1
430	431	1
430	462	1
431	432	-2
431	463	1
432	433	1
432	464	-2
433	434	1
433	465	1
434	435	2
434	466	-1
435	436	1
435	467	-2
436	437	-2
436	468	1
437	438	-1
437	469	1
438	439	1
438	470	-1
439	440	-1
439	471	1
440	441	-2
440	472	-2
441	442	1
441	473	-1
442	443	-1
442	474	-1
443	444	-1
443	475	1
444	445	2
444	476	2
445	446	-2
445	477	-2
446	447	2
446	478	1
447	479	1
448	449	-2
448	479	-1
448	480	2
449	450	-2
449	481	1
450	451	-1
450	482	-2
451	452	1
451	483	1
452	453	-1
452	484	-2
453	454	1
453	485	-1
454	455	-1
454	486	-2
455	456	2
455	487	-1
456	457	1
456	488	-1
457	458	-2
457	489	1
458	459	-1
458	490	1
459	460	2
459	491	-1
460	461	-2
460	492	1
461	462	1
461	493	-1
462	463	-1
462	494	2
463	464	-2
463	495	2
464	465	-1
464	496	-1
465	466	1
465	497	-1
466	467	1
466	498	1
467	468	1
467	499	1
468	469	2
468	500	-2
469	470	-1
469	501	-1
470	471	-2
470	502	1
471	472	-2
471	503	2
472	473	-1
472	504	1
473	474	-1
473	505	2
474	475	1
474	506	1
475	476	2
475	507	1
476	477	-2
476	508	1
477	478	-1
477	509	-1
478	479	2
478	510	-2
479	511	-2
480	481	1
480	511	-2
480	512	2
481	482	-1
481	513	2
482	483	-2
482	514	-1
483	484	1
483	515	1
484	485	2
484	516	2
485	486	2
485	517	-1
486	487	2
486	518	2
487	488	2
487	519	-2
488	489	1
488	520	2
489	490	2
489	521	1
490	491	-1
490	522	-2
491	492	1
491	523	-2
492	493	-1
492	524	2
493	494	-2
493	525	1
494	495	2
494	526	1
495	496	-2
495	527	-2
496	497	1
496	528	-1
497	498	1
497	529	-2
498	499	-1
498	530	-1
499	500	1
499	531	2
500	501	-1
500	532	-2
501	502	1
501	533	1
502	503	1
502	534	-1
503	504	-1
503	535	-1
504	505	2
504	536	-1
505	506	-1
505	537	2
506	507	-1
506	538	2
507	508	1
507	539	1
508	509	-2
508	540	-2
509	510	-2
509	541	1
510	511	-1
510	542	2
511	543	-1
512	513	-2
512	543	-2
512	544	-1
513	514	-2
513	545	-2
514	515	2
514	546	1
515	516	-1
515	547	2
516	517	2
516	548	1
517	518	1
517	549	-2
518	519	1
518	550	1
519	520	1
519	551	2
520	521	2
520	552	-1
521	522	1
521	553	2
522	523	-2
522	554	1
523	524	1
523	555	-1
524	525	-1
524	556	1
525	526	2
525	557	1
526	527	-2
526	558	-1
527	528	1
527	559	-1
528	529	1
528	560	-1
529	530	-1
529	561	-2
530	531	1
530	562	-2
531	532	2
531	563	-2
532	533	-2
532	564	1
533	534	1
533	565	1
534	535	1
534	566	2
535	536	1
535	567	1
536	537	1
536	568	2
537	538	1
537	569	-2
538	539	-2
538	570	-1
539	540	2
539	571	2
540	541	-2
540	572	-2
541	542	2
541	573	-1
542	543	2
542	574	-1
543	575	-1
544	545	1
544	575	-1
544	576	1
545	546	-1
545	577	1
546	547	-2
546	578	1
547	548	-1
547	579	1
548	549	1
548	580	1
549	550	1
549	581	2
550	551	-1
550	582	2
551	552	-2
551	583	2
552	553	1
552	584	1
553	554	2
553	585	1
554	555	-2
554	586	-1
555	556	-2
555	587	-1
556	557	1
556	588	1
557	558	2
557	589	1
558	559	1
558	590	1
559	560	-1
559	591	-1
560	561	-2
560	592	1
561	562	-1
561	593	2
562	563	-2
562	594	-2
563	564	1
563	595	-1
564	565	1
564	596	-2
565	566	2
565	597	2
566	567	-2
566	598	-1
567	568	-1
567	599	-1
568	569	1
568	600	1
569	570	2
569	601	-1
570	571	-2
570	602	2
571	572	-2
571	603	-1
572	573	2
572	604	2
573	574	-1
573	605	2
574	575	-2
574	606	2
575	607	1
576	577	1
576	607	1
576	608	2
577	578	1
577	609	-2
578	579	2
578	610	1
579	580	1
579	611	-2
580	581	-1
580	612	1
581	582	-2
581	613	2
582	583	-2
582	614	-1
583	584	1
583	615	-1
584	585	2
584	616	-2
585	586	1
585	617	-1
586	587	-2
586	618	1
587	588	-1
587	619	2
588	589	-1
588	620	-2
589	590	-1
589	621	-2
590	591	2
590	622	2
591	592	-1
591	623	2
592	593	-2
592	624	-1
593	594	-2
593	625	1
594	595	2
594	626	2
595	596	-2
595	627	1
596	597	-1
596	628	1
597	598	2
597	629	1
598	599	1
598	630	-1
599	600	-1
599	631	-1
600	601	-1
600	632	-2
601	602	2
601	633	2
602	603	1
602	634	-2
603	604	-1
603	635	2
604	605	2
604	636	2
605	606	2
605	637	-1
606	607	-2
606	638	-1
607	639	2
608	609	1
608	639	2
608	640	1
609	610	1
609	641	-1
610	611	2
610	642	1
611	612	-1
611	643	1
612	613	2
612	644	-1
613	614	2
613	645	2
614	615	1
614	646	1
615	616	-2
615	647	-1
616	617	-1
616	648	-2
617	618	1
617	649	2
618	619	1
618	650	2
619	620	2
619	651	2
620	621	2
620	652	1
621	622	2
621	653	2
622	623	-1
622	654	1
623	624	1
623	655	-2
624	625	-1
624	656	-1
625	626	-2
625	657	-2
626	627	-2
626	658	-2
627	628	-1
627	659	1
628	629	1
628	660	-1
629	630	-2
629	661	-1
630	631	-1
630	662	2
631	632	-2
631	663	1
632	633	-1
632	664	1
633	634	-1
633	665	1
634	635	1
634	666	1
635	636	-1
635	667	1
636	637	1
636	668	2
637	638	-1
637	669	1
638	639	-1
638	670	2
639	671	-2
640	641	2
640	671	1
640	672	2
641	642	1
641	673	1
642	643	1
642	674	-1
643	644	-2
643	675	2
644	645	-2
644	676	-2
645	646	-2
645	677	-1
646	647	1
646	678	-2
647	648	1
647	679	-2
648	649	-2
648	680	-1
649	650	-1
649	681	-2
650	651	-1
650	682	-2
651	652	-2
651	683	1
652	653	1
652	684	2
653	654	-1
653	685	-2
654	655	1
654	686	2
655	656	-2
655	687	2
656	657	-1
656	688	1
657	658	1
657	689	-2
658	659	-2
658	690	-1
659	660	-2
659	691	1
660	661	-1
660	692	-2
661	662	-1
661	693	-1
662	663	-2
662	694	1
663	664	2
663	695	-1
664	665	-1
664	696	1
665	666	1
665	697	-1
666	667	-1
666	698	-2
667	668	2
667	699	1
668	669	1
668	700	-2
669	670	2
669	701	2
670	671	-1
670	702	-1
671	703	1
672	673	-2
672	703	1
672	704	1
673	674	-2
673	705	2
674	675	2
674	706	-1
675	676	2
675	707	-2
676	677	2
676	708	2
677	678	-1
677	709	-2
678	679	-1
678	710	-2
679	680	-1
679	711	2
680	681	2
680	712	-2
681	682	2
681	713	-1
682	683	-2
682	714	2
683	684	1
683	715	-2
684	685	1
684	716	-1
685	686	1
685	717	-2
686	687	-1
686	718	2
687	688	-1
687	719	2
688	689	-2
688	720	-1
689	690	-1
689	721	-2
690	691	-2
690	722	-1
691	692	1
691	723	-1
692	693	1
692	724	-1
693	694	-1
693	725	1
694	695	-2
694	726	2
695	696	1
695	727	1
696	697	-1
696	728	-1
697	698	2
697	729	-2
698	699	-2
698	730	-1
699	700	-2
699	731	-1
700	701	1
700	732	-2
701	702	1
701	733	-2
702	703	-1
702	734	-2
703	735	1
704	705	-1
704	735	-1
704	736	1
705	706	-1
705	737	2
706	707	-2
706	738	2
707	708	1
707	739	-1
708	709	-2
708	740	-2
709	710	1
709	741	1
710	711	2
710	742	-2
711	712	-1
711	743	1
712	713	2
712	744	1
713	714	1
713	745	1
714	715	-1
714	746	1
715	716	-2
715	747	-1
716	717	-2
716	748	-1
717	718	1
717	749	-2
718	719	1
718	750	1
719	720	-2
719	751	2
720	721	-2
720	752	-1
721	722	1
721	753	2
722	723	-2
722	754	2
723	724	-1
723	755	1
724	725	-2
724	756	1
725	726	2
725	757	-1
726	727	1
726	758	1
727	728	2
727	759	1
728	729	1
728	760	-2
729	730	-2
729	761	-1
730	731	-1
730	762	1
731	732	2
731	763	-2
732	733	2
732	764	2
733	734	-2
733	765	-2
734	735	2
734	766	-2
735	767	-2
736	737	2
736	767	-1
736	768	-2
737	738	-1
737	769	2
738	739	-2
738	770	-1
739	740	-1
739	771	-2
740	741	-1
740	772	-2
741	742	-1
741	773	-1
742	743	1
742	774	1
743	744	1
743	775	-2
744	745	-2
744	776	2
745	746	-1
745	777	-2
746	747	-1
746	778	-2
747	748	-1
747	779	-1
748	749	1
748	780	-1
749	750	-2
749	781	1
750	751	-2
750	782	-1
751	752	1
751	783	2
752	753	-1
752	784	-1
753	754	1
753	785	1
754	755	1
754	786	-1
755	756	1
755	787	2
756	757	-2
756	788	-2
757	758	-2
757	789	2
758	759	-1
758	790	-1
759	760	-1
759	791	1
760	761	-2
760	792	-1
761	762	-2
761	793	2
762	763	-1
762	794	1
763	764	1
763	795	-2
764	765	1
764	796	-2
765	766	-2
765	797	-2
766	767	-1
766	798	2
767	799	2
768	769	-1
768	799	-1
768	800	1
769	770	-2
769	801	-1
770	771	1
770	802	-2
771	772	1
771	803	1
772	773	-2
772	804	2
773	774	-1
773	805	-1
774	775	2
774	806	1
775	776	1
775	807	-2
776	777	2
776	808	1
777	778	2
777	809	-1
778	779	2
778	810	1
779	780	1
779	811	2
780	781	2
780	812	-1
781	782	-1
781	813	-1
782	783	-1
782	814	-2
783	784	2
783	815	2
784	785	2
784	816	1
785	786	1
785	817	1
786	787	2
786	818	-1
787	788	1
787	819	2
788	789	2
788	820	-1
789	790	-2
789	821	1
790	791	2
790	822	2
791	792	-1
791	823	1
792	793	2
792	824	1
793	794	2
793	825	-1
794	795	1
794	826	1
795	796	-1
795	827	1
796	797	1
796	828	2
797	798	-1
797	829	-1
798	799	1
798	830	-1
799	831	2
800	801	-1
800	831	-2
800	832	-2
801	802	-2
801	833	2
802	803	1
802	834	1
803	804	-1
803	835	-2
804	805	-1
804	836	2
805	806	-2
805	837	2
806	807	2
806	838	1
807	808	-1
807	839	-1
808	809	2
808	840	1
809	810	1
809	841	1
810	811	-1
810	842	1
811	812	-2
811	843	2
812	813	-1
812	844	-1
813	814	-1
813	845	-1
814	815	-2
814	846	1
815	816	-2
815	847	-2
816	817	-2
816	848	1
817	818	1
817	849	1
818	819	1
818	850	-2
819	820	1
819	851	-2
820	821	2
820	852	-1
821	822	-1
821	853	2
822	823	-1
822	854	-2
823	824	-2
823	855	1
824	825	2
824	856	2
825	826	-2
825	857	1
826	827	-1
826	858	-2
827	828	1
827	859	2
828	829	2
828	860	-2
829	830	1
829	861	-1
830	831	1
830	862	-1
831	863	1
832	833	1
832	863	-2
832	864	-2
833	834	1
833	865	2
834	835	2
834	866	-2
835	836	-2
835	867	-2
836	837	-1
836	868	-2
837	838	2
837	869	1
838	839	-2
838	870	2
839	840	-1
839	871	2
840	841	1
840	872	1
841	842	-1
841	873	-1
842	843	-2
842	874	-1
843	844	-2
843	875	2
844	845	1
844	876	-1
845	846	-1
845	877	1
846	847	-2
846	878	2
847	848	-1
847	879	-2
848	849	2
848	880	-1
849	850	2
849	881	-1
850	851	2
850	882	1
851	852	-2
851	883	-2
852	853	2
852	884	1
853	854	-1
853	885	-1
854	855	-1
854	886	-2
855	856	2
855	887	-2
856	857	-1
856	888	-2
857	858	-2
857	889	1
858	859	2
858	890	-2
859	860	1
859	891	-1
860	861	-1
860	892	2
861	862	-1
861	893	2
862	863	2
862	894	-2
863	895	2
864	865	1
864	895	2
864	896	1
865	866	1
865	897	1
866	867	-1
866	898	1
867	868	-1
867	899	-2
868	869	-2
868	900	2
869	870	2
869	901	-1
870	871	1
870	902	-2
871	872	-2
871	903	-2
872	873	1
872	904	2
873	874	-2
873	905	-1
874	875	-2
874	906	-2
875	876	1
875	907	-2
876	877	1
876	908	-1
877	878	1
877	909	-1
878	879	-1
878	910	2
879	880	1
879	911	-1
880	881	-1
880	912	-1
881	882	1
881	913	-1
882	883	2
882	914	1
883	884	1
883	915	-1
884	885	2
884	916	1
885	886	2
885	917	-2
886	887	1
886	918	-2
887	888	2
887	919	-2
888	889	-2
888	920	-1
889	890	1
889	921	-2
890	891	-1
890	922	-1
891	892	1
891	923	2
892	893	2
892	924	-2
893	894	1
893	925	-2
894	895	1
894	926	1
895	927	-1
896	897	-2
896	927	2
896	928	2
897	898	-1
897	929	2
898	899	-1
898	930	-1
899	900	-1
899	931	1
900	901	-1
900	932	-1
901	902	-2
901	933	2
902	903	-2
902	934	-1
903	904	-1
903	935	-2
904	905	2
904	936	1
905	906	1
905	937	-1
906	907	-2
906	938	-2
907	908	-2
907	939	-1
908	909	-1
908	940	-1
909	910	2
909	941	2
910	911	-2
910	942	-1
911	912	-1
911	943	1
912	913	1
912	944	-2
913	914	1
913	945	2
914	915	1
914	946	-2
915	916	1
915	947	-1
916	917	-2
916	948	1
917	918	-1
917	949	2
918	919	1
918	950	2
919	920	-1
919	951	1
920	921	-2
920	952	2
921	922	-2
921	953	-1
922	923	-1
922	954	-1
923	924	2
923	955	-1
924	925	1
924	956	1
925	926	2
925	957	-2
926	927	1
926	958	-2
927	959	1
928	929	1
928	959	1
928	960	-1
929	930	-2
929	961	-1
930	931	-1
930	962	-1
931	932	1
931	963	-2
932	933	-2
932	964	1
933	934	1
933	965	1
934	935	2
934	966	-1
935	936	2
935	967	1
936	937	2
936	968	2
937	938	-1
937	969	2
938	939	1
938	970	-2
939	940	2
939	971	2
940	941	-2
940	972	-1
941	942	1
941	973	-2
942	943	-1
942	974	2
943	944	-1
943	975	-2
944	945	1
944	976	-1
945	946	-1
945	977	1
946	947	-2
946	978	-1
947	948	-1
947	979	1
948	949	1
948	980	2
949	950	2
949	981	1
950	951	-2
950	982	2
951	952	-1
951	983	1
952	953	-1
952	984	-1
953	954	-1
953	985	1
954	955	1
954	986	1
955	956	1
955	987	-2
956	957	2
956	988	2
957	958	2
957	989	-1
958	959	1
958	990	-1
959	991	1
960	961	-1
960	991	1
960	992	2
961	962	1
961	993	2
962	963	-1
962	994	-1
963	964	2
963	995	-1
964	965	-2
964	996	2
965	966	1
965	997	1
966	967	-1
966	998	-2
967	968	-2
967	999	2
968	969	1
968	1000	2
969	970	-1
969	1001	-1
970	971	-1
970	1002	-1
971	972	2
971	1003	-1
972	973	-1
972	1004	-1
973	974	1
973	1005	2
974	975	-1
974	1006	2
975	976	2
975	1007	2
976	977	2
976	1008	-1
977	978	-1
977	1009	-1
978	979	2
978	1010	2
979	980	2
979	1011	1
980	981	1
980	1012	-1
981	982	-2
981	1013	1
982	983	-1
982	1014	1
983	984	-1
983	1015	2
984	985	-1
984	1016	1
985	986	2
985	1017	-1
986	987	1
986	1018	1
987	988	1
987	1019	-2
988	989	1
988	1020	2
989	990	-2
989	1021	2
990	991	2
990	1022	1
991	1023	1
992	993	2
992	1023	2
993	994	2
994	995	1
995	996	-1
996	997	1
997	998	2
998	999	-1
999	1000	-1
1000	1001	2
1001	1002	1
1002	1003	1
1003	1004	-1
1004	1005	-1
1005	1006	-2
1006	1007	1
1007	1008	2
1008	1009	-2
1009	1010	-2
1010	1011	-1
1011	1012	2
1012	1013	1
1013	1014	-2
1014	1015	2
1015	1016	-2
1016	1017	-1
1017	1018	2
1018	1019	2
1019	1020	2
1020	1021	-1
1021	1022	-1
1022	1023	-1
