0	1	1
0	31	1
0	32	2
0	992	-1
1	2	-1
1	33	1
1	993	-2
2	3	-1
2	34	1
2	994	-1
3	4	2
3	35	1
3	995	-1
4	5	1
4	36	2
4	996	-1
5	6	-1
5	37	-1
5	997	1
6	7	2
6	38	-1
6	998	-1
7	8	-2
7	39	-2
7	999	-1
8	9	2
8	40	2
8	1000	-1
9	10	2
9	41	-2
9	1001	1
10	11	-1
10	42	2
10	1002	2
11	12	1
11	43	-1
11	1003	2
12	13	-2
12	44	-1
12	1004	2
13	14	-1
13	45	-1
13	1005	-2
14	15	1
14	46	-1
14	1006	2
15	16	1
15	47	-1
15	1007	-1
16	17	-1
16	48	-2
16	1008	2
17	18	2
17	49	-2
17	1009	2
18	19	-1
18	50	-2
18	1010	-2
19	20	1
19	51	-2
19	1011	1
20	21	1
20	52	-1
20	1012	-2
21	22	-2
21	53	-2
21	1013	-1
22	23	-1
22	54	1
22	1014	-2
23	24	-2
23	55	1
23	1015	-1
24	25	-2
24	56	-1
24	1016	2
25	26	-2
25	57	2
25	1017	1
26	27	1
26	58	2
26	1018	1
27	28	1
27	59	2
27	1019	-1
28	29	2
28	60	-2
28	1020	1
29	30	-1
29	61	-1
29	1021	1
30	31	2
30	62	-2
30	1022	-2
31	63	1
31	1023	2
32	33	-2
32	63	2
32	64	2
33	34	-2
33	65	1
34	35	1
34	66	-1
35	36	1
35	67	1
36	37	2
36	68	-1
37	38	1
37	69	-1
38	39	-2
38	70	2
39	40	-1
39	71	-2
40	41	1
40	72	1
41	42	-2
41	73	-1
42	43	-2
42	74	-1
43	44	-1
43	75	1
44	45	1
44	76	-1
45	46	-2
45	77	1
46	47	-1
46	78	-1
47	48	-2
47	79	-1
48	49	1
48	80	-2
49	50	2
49	81	1
50	51	1
50	82	2
51	52	-2
51	83	1
52	53	-2
52	84	-2
53	54	1
53	85	1
54	55	1
54	86	-1
55	56	1
55	87	-1
56	57	-2
56	88	-1
57	58	-2
57	89	-1
58	59	-2
58	90	-1
59	60	1
59	91	2
60	61	-2
60	92	1
61	62	2
61	93	-1
62	63	1
62	94	-1
63	95	2
64	65	-1
64	95	-1
64	96	2
65	66	-2
65	97	1
66	67	2
66	98	-1
67	68	1
67	99	2
68	69	1
68	100	-1
69	70	2
69	101	-2
70	71	2
70	102	2
71	72	-2
71	103	2
72	73	-1
72	104	1
73	74	2
73	105	-1
74	75	2
74	106	-2
75	76	-1
75	107	-2
76	77	2
76	108	2
77	78	-1
77	109	-1
78	79	1
78	110	-2
79	80	1
79	111	2
80	81	-1
80	112	-2
81	82	-2
81	113	2
82	83	2
82	114	-1
83	84	-2
83	115	2
84	85	1
84	116	2
85	86	1
85	117	2
86	87	1
86	118	2
87	88	-1
87	119	2
88	89	-1
88	120	2
89	90	2
89	121	-2
90	91	2
90	122	-2
91	92	-2
91	123	1
92	93	1
92	124	2
93	94	-1
93	125	2
94	95	-2
94	126	2
95	127	1
96	97	1
96	127	-1
96	128	-1
97	98	1
97	129	1
98	99	1
98	130	2
99	100	2
99	131	1
100	101	-2
100	132	-1
101	102	-1
101	133	-1
102	103	-1
102	134	2
103	104	-1
103	135	2
104	105	-1
104	136	-1
105	106	-1
105	137	2
106	107	-1
106	138	-2
107	108	1
107	139	2
108	109	1
108	140	-2
109	110	2
109	141	-1
110	111	2
110	142	-2
111	112	-1
111	143	-2
112	113	-1
112	144	-1
113	114	-1
113	145	2
114	115	2
114	146	-1
115	116	-1
115	147	-1
116	117	-1
116	148	-1
117	118	-1
117	149	2
118	119	-1
118	150	-2
119	120	1
119	151	-2
120	121	-2
120	152	-2
121	122	2
121	153	1
122	123	2
122	154	2
123	124	2
123	155	-1
124	125	-1
124	156	-1
125	126	-1
125	157	1
126	127	1
126	158	1
127	159	-1
128	129	-2
128	159	1
128	160	-1
129	130	-2
129	161	2
130	131	2
130	162	-2
131	132	2
131	163	-2
132	133	1
132	164	2
133	134	-1
133	165	-2
134	135	-1
134	166	2
135	136	-2
135	167	2
136	137	2
136	168	-2
137	138	-2
137	169	1
138	139	1
138	170	-2
139	140	2
139	171	-2
140	141	1
140	172	-2
141	142	-2
141	173	1
142	143	-1
142	174	2
143	144	2
143	175	-1
144	145	-1
144	176	-2
145	146	-2
145	177	-1
146	147	-2
146	178	2
147	148	1
147	179	-2
148	149	-2
148	180	2
149	150	-1
149	181	-1
150	151	-2
150	182	-1
151	152	-2
151	183	2
152	153	-2
152	184	2
153	154	-1
153	185	-1
154	155	-2
154	186	1
155	156	-1
155	187	-1
156	157	1
156	188	-1
157	158	1
157	189	2
158	159	-1
158	190	1
159	191	-2
160	161	-1
160	191	-2
160	192	2
161	162	2
161	193	-1
162	163	-1
162	194	1
163	164	1
163	195	-1
164	165	1
164	196	1
165	166	1
165	197	-1
166	167	2
166	198	-1
167	168	2
167	199	-2
168	169	1
168	200	1
169	170	2
169	201	1
170	171	-2
170	202	-1
171	172	-1
171	203	-1
172	173	2
172	204	-2
173	174	-1
173	205	1
174	175	-1
174	206	1
175	176	2
175	207	2
176	177	2
176	208	1
177	178	-1
177	209	-2
178	179	-1
178	210	-1
179	180	-1
179	211	2
180	181	-1
180	212	-1
181	182	1
181	213	1
182	183	-2
182	214	2
183	184	1
183	215	-2
184	185	-1
184	216	2
185	186	-1
185	217	2
186	187	-2
186	218	-2
187	188	2
187	219	-2
188	189	2
188	220	-1
189	190	-2
189	221	-1
190	191	-2
190	222	-2
191	223	-1
192	193	-1
192	223	-2
192	224	2
193	194	2
193	225	1
194	195	1
194	226	1
195	196	1
195	227	1
196	197	1
196	228	-2
197	198	-1
197	229	-2
198	199	2
198	230	1
199	200	2
199	231	-1
200	201	-2
200	232	-2
201	202	2
201	233	-2
202	203	-2
202	234	2
203	204	2
203	235	1
204	205	1
204	236	1
205	206	1
205	237	1
206	207	-2
206	238	-1
207	208	-2
207	239	2
208	209	2
208	240	2
209	210	2
209	241	1
210	211	1
210	242	-2
211	212	-2
211	243	-1
212	213	-2
212	244	1
213	214	-2
213	245	-1
214	215	2
214	246	2
215	216	1
215	247	1
216	217	2
216	248	-1
217	218	-1
217	249	1
218	219	-2
218	250	-2
219	220	-1
219	251	-1
220	221	-1
220	252	-1
221	222	1
221	253	-1
222	223	2
222	254	2
223	255	1
224	225	2
224	255	2
224	256	2
225	226	1
225	257	1
226	227	-1
226	258	2
227	228	-1
227	259	1
228	229	-1
228	260	-2
229	230	2
229	261	-2
230	231	1
230	262	1
231	232	2
231	263	-2
232	233	1
232	264	1
233	234	1
233	265	2
234	235	1
234	266	2
235	236	-1
235	267	1
236	237	-2
236	268	-1
237	238	-2
237	269	1
238	239	-1
238	270	2
239	240	-2
239	271	2
240	241	-2
240	272	-1
241	242	2
241	273	-1
242	243	-2
242	274	2
243	244	2
243	275	-1
244	245	-2
244	276	1
245	246	1
245	277	1
246	247	-2
246	278	1
247	248	-1
247	279	1
248	249	2
248	280	1
249	250	1
249	281	2
250	251	2
250	282	-2
251	252	2
251	283	2
252	253	1
252	284	-1
253	254	1
253	285	2
254	255	-2
254	286	-2
255	287	2
256	257	-2
256	287	-1
256	288	-1
257	258	-2
257	289	1
258	259	-1
258	290	1
259	260	-1
259	291	2
260	261	-2
260	292	1
261	262	1
261	293	-1
262	263	1
262	294	-1
263	264	2
263	295	-1
264	265	2
264	296	-1
265	266	-1
265	297	1
266	267	-1
266	298	2
267	268	-1
267	299	2
268	269	-1
268	300	-2
269	270	1
269	301	1
270	271	-2
270	302	-1
271	272	-2
271	303	-1
272	273	1
272	304	2
273	274	2
273	305	-2
274	275	1
274	306	1
275	276	2
275	307	1
276	277	1
276	308	-2
277	278	-1
277	309	-1
278	279	-2
278	310	-2
279	280	1
279	311	2
280	281	1
280	312	1
281	282	2
281	313	1
282	283	1
282	314	-2
283	284	1
283	315	2
284	285	-1
284	316	2
285	286	2
285	317	2
286	287	1
286	318	-1
287	319	2
288	289	-1
288	319	-1
288	320	-1
289	290	-1
289	321	-1
290	291	1
290	322	1
291	292	-1
291	323	-1
292	293	-2
292	324	-1
293	294	-1
293	325	2
294	295	-1
294	326	2
295	296	-1
295	327	-2
296	297	2
296	328	1
297	298	1
297	329	1
298	299	1
298	330	1
299	300	-1
299	331	2
300	301	-2
300	332	1
301	302	-1
301	333	-2
302	303	2
302	334	-1
303	304	-1
303	335	2
304	305	2
304	336	-1
305	306	1
305	337	-1
306	307	-1
306	338	-1
307	308	-2
307	339	-2
308	309	-2
308	340	1
309	310	1
309	341	2
310	311	-1
310	342	-1
311	312	-1
311	343	-2
312	313	-1
312	344	-1
313	314	-1
313	345	2
314	315	2
314	346	-2
315	316	1
315	347	1
316	317	2
316	348	1
317	318	1
317	349	1
318	319	2
318	350	-2
319	351	1
320	321	-1
320	351	-1
320	352	2
321	322	-1
321	353	-1
322	323	1
322	354	1
323	324	1
323	355	1
324	325	2
324	356	-2
325	326	2
325	357	1
326	327	-1
326	358	-1
327	328	-2
327	359	1
328	329	1
328	360	-2
329	330	-2
329	361	-2
330	331	1
330	362	-1
331	332	1
331	363	1
332	333	-2
332	364	2
333	334	2
333	365	1
334	335	-2
334	366	2
335	336	-1
335	367	1
336	337	1
336	368	-1
337	338	-1
337	369	1
338	339	-1
338	370	-1
339	340	-1
339	371	-2
340	341	-2
340	372	-2
341	342	2
341	373	-2
342	343	-2
342	374	2
343	344	2
343	375	1
344	345	2
344	376	-1
345	346	-2
345	377	2
346	347	-2
346	378	2
347	348	-1
347	379	-1
348	349	-1
348	380	-2
349	350	2
349	381	2
350	351	1
350	382	-1
351	383	-1
352	353	-2
352	383	2
352	384	-1
353	354	1
353	385	-1
354	355	-1
354	386	-1
355	356	1
355	387	1
356	357	2
356	388	1
357	358	-1
357	389	2
358	359	-1
358	390	1
359	360	2
359	391	1
360	361	-1
360	392	-1
361	362	-1
361	393	-2
362	363	1
362	394	2
363	364	1
363	395	1
364	365	1
364	396	1
365	366	-1
365	397	1
366	367	1
366	398	-2
367	368	1
367	399	-1
368	369	2
368	400	1
369	370	-2
369	401	-1
370	371	2
370	402	-1
371	372	2
371	403	2
372	373	1
372	404	1
373	374	-2
373	405	-1
374	375	2
374	406	1
375	376	-2
375	407	1
376	377	2
376	408	-1
377	378	-2
377	409	-1
378	379	-1
378	410	-1
379	380	-2
379	411	1
380	381	-2
380	412	1
381	382	1
381	413	-1
382	383	-1
382	414	2
383	415	2
384	385	-1
384	415	1
384	416	-2
385	386	-1
385	417	-1
386	387	-2
386	418	-1
387	388	-1
387	419	-1
388	389	2
388	420	-2
389	390	2
389	421	1
390	391	1
390	422	-2
391	392	2
391	423	-2
392	393	2
392	424	2
393	394	-2
393	425	1
394	395	2
394	426	1
395	396	-1
395	427	1
396	397	-1
396	428	2
397	398	-1
397	429	-2
398	399	-2
398	430	1
399	400	1
399	431	-2
400	401	1
400	432	-1
401	402	2
401	433	-1
402	403	-2
402	434	2
403	404	-1
403	435	2
404	405	-2
404	436	2
405	406	-2
405	437	1
406	407	-2
406	438	-1
407	408	-2
407	439	-2
408	409	1
408	440	-1
409	410	1
409	441	1
410	411	1
410	442	2
411	412	2
411	443	-2
412	413	-2
412	444	-2
413	414	2
413	445	1
414	415	-1
414	446	1
415	447	-2
416	417	2
416	447	-1
416	448	1
417	418	-2
417	449	-1
418	419	2
418	450	-2
419	420	1
419	451	1
420	421	1
420	452	2
421	422	-1
421	453	-1
422	423	-2
422	454	-1
423	424	1
423	455	-1
424	425	-1
424	456	2
425	426	1
425	457	-2
426	427	-2
426	458	1
427	428	-1
427	459	1
428	429	-1
428	460	2
429	430	-2
429	461	2
430	431	-1
430	462	-2
431	432	-2
431	463	1
432	433	-1
432	464	-1
433	434	-2
433	465	-1
434	435	1
434	466	-1
435	436	2
435	467	1
436	437	2
436	468	2
437	438	1
437	469	1
438	439	1
438	470	-1
439	440	-2
439	471	1
440	441	1
440	472	2
441	442	-1
441	473	2
442	443	1
442	474	2
443	444	-1
443	475	1
444	445	-1
444	476	1
445	446	-2
445	477	1
446	447	-2
446	478	2
447	479	1
448	449	-1
448	479	1
448	480	-1
449	450	2
449	481	-2
450	451	1
450	482	1
451	452	-2
451	483	1
452	453	-2
452	484	1
453	454	1
453	485	-2
454	455	-2
454	486	2
455	456	2
455	487	-1
456	457	-1
456	488	-1
457	458	1
457	489	1
458	459	2
458	490	1
459	460	2
459	491	-1
460	461	1
460	492	-2
461	462	-1
461	493	-1
462	463	1
462	494	-1
463	464	-2
463	495	-2
464	465	-2
464	496	1
465	466	2
465	497	1
466	467	-2
466	498	1
467	468	-1
467	499	1
468	469	2
468	500	-1
469	470	1
469	501	2
470	471	-1
470	502	1
471	472	1
471	503	-1
472	473	1
472	504	-1
473	474	1
473	505	1
474	475	-2
474	506	2
475	476	1
475	507	-1
476	477	1
476	508	-1
477	478	1
477	509	2
478	479	-2
478	510	2
479	511	1
480	481	1
480	511	-2
480	512	1
481	482	-2
481	513	-1
482	483	-2
482	514	-1
483	484	-1
483	515	-1
484	485	-1
484	516	-2
485	486	1
485	517	-2
486	487	-1
486	518	2
487	488	-2
487	519	1
488	489	-1
488	520	-2
489	490	1
489	521	-1
490	491	2
490	522	2
491	492	-2
491	523	-2
492	493	-1
492	524	2
493	494	-1
493	525	2
494	495	-2
494	526	2
495	496	1
495	527	-1
496	497	2
496	528	1
497	498	-2
497	529	1
498	499	2
498	530	-1
499	500	2
499	531	1
500	501	2
500	532	1
501	502	1
501	533	-2
502	503	-1
502	534	2
503	504	-2
503	535	-1
504	505	1
504	536	1
505	506	-2
505	537	2
506	507	-2
506	538	1
507	508	1
507	539	1
508	509	2
508	540	1
509	510	-2
509	541	-2
510	511	2
510	542	2
511	543	2
512	513	-2
512	543	2
512	544	-2
513	514	2
513	545	-1
514	515	-1
514	546	-2
515	516	2
515	547	2
516	517	-1
516	548	1
517	518	1
517	549	-1
518	519	1
518	550	-1
519	520	-1
519	551	1
520	521	-1
520	552	-1
521	522	2
521	553	1
522	523	-2
522	554	-2
523	524	-1
523	555	-1
524	525	-2
524	556	-1
525	526	2
525	557	2
526	527	2
526	558	1
527	528	1
527	559	2
528	529	2
528	560	-2
529	530	-2
529	561	1
530	531	-2
530	562	2
531	532	-2
531	563	1
532	533	-2
532	564	1
533	534	1
533	565	-1
534	535	2
534	566	2
535	536	-1
535	567	-1
536	537	2
536	568	2
537	538	2
537	569	-2
538	539	-2
538	570	-1
539	540	-1
539	571	-1
540	541	1
540	572	2
541	542	-1
541	573	2
542	543	1
542	574	1
543	575	-2
544	545	2
544	575	1
544	576	-2
545	546	-2
545	577	-1
546	547	-1
546	578	2
547	548	2
547	579	-1
548	549	-1
548	580	1
549	550	-1
549	581	-1
550	551	2
550	582	-1
551	552	2
551	583	2
552	553	-1
552	584	2
553	554	1
553	585	2
554	555	1
554	586	-2
555	556	1
555	587	-2
556	557	-1
556	588	2
557	558	-1
557	589	-1
558	559	-1
558	590	1
559	560	-1
559	591	1
560	561	1
560	592	-1
561	562	1
561	593	1
562	563	1
562	594	1
563	564	1
563	595	2
564	565	-2
564	596	-1
565	566	2
565	597	-2
566	567	2
566	598	1
567	568	1
567	599	2
568	569	1
568	600	-1
569	570	1
569	601	1
570	571	2
570	602	-1
571	572	-1
571	603	-2
572	573	-2
572	604	2
573	574	1
573	605	-1
574	575	2
574	606	-2
575	607	2
576	577	-1
576	607	1
576	608	1
577	578	-1
577	609	1
578	579	-2
578	610	-1
579	580	2
579	611	2
580	581	-2
580	612	-2
581	582	1
581	613	1
582	583	-2
582	614	-1
583	584	-1
583	615	-2
584	585	-1
584	616	-1
585	586	2
585	617	-1
586	587	2
586	618	1
587	588	1
587	619	2
588	589	1
588	620	-2
589	590	-1
589	621	-2
590	591	2
590	622	1
591	592	-1
591	623	2
592	593	-2
592	624	-1
593	594	-1
593	625	-2
594	595	-2
594	626	-1
595	596	2
595	627	-2
596	597	2
596	628	2
597	598	1
597	629	2
598	599	-2
598	630	1
599	600	2
599	631	1
600	601	-2
600	632	-1
601	602	1
601	633	2
602	603	2
602	634	1
603	604	-2
603	635	-1
604	605	1
604	636	2
605	606	-1
605	637	-2
606	607	1
606	638	2
607	639	-1
608	609	1
608	639	1
608	640	-1
609	610	1
609	641	-1
610	611	-1
610	642	1
611	612	1
611	643	2
612	613	-1
612	644	2
613	614	-1
613	645	1
614	615	2
614	646	1
615	616	-1
615	647	-1
616	617	1
616	648	1
617	618	2
617	649	-1
618	619	-2
618	650	-2
619	620	-2
619	651	-2
620	621	-1
620	652	-1
621	622	1
621	653	-2
622	623	-2
622	654	-1
623	624	1
623	655	2
624	625	1
624	656	-1
625	626	1
625	657	-2
626	627	1
626	658	-1
627	628	-1
627	659	-1
628	629	-1
628	660	-2
629	630	-1
629	661	-2
630	631	2
630	662	2
631	632	1
631	663	1
632	633	-2
632	664	1
633	634	-1
633	665	-2
634	635	2
634	666	2
635	636	2
635	667	1
636	637	1
636	668	-1
637	638	1
637	669	2
638	639	1
638	670	1
639	671	1
640	641	2
640	671	1
640	672	-1
641	642	1
641	673	-1
642	643	1
642	674	-2
643	644	-2
643	675	1
644	645	1
644	676	1
645	646	1
645	677	-1
646	647	-2
646	678	1
647	648	-1
647	679	-2
648	649	1
648	680	1
649	650	-1
649	681	1
650	651	-2
650	682	1
651	652	2
651	683	-1
652	653	1
652	684	-1
653	654	-1
653	685	-1
654	655	1
654	686	-1
655	656	2
655	687	-1
656	657	-1
656	688	-1
657	658	-2
657	689	2
658	659	2
658	690	1
659	660	2
659	691	-2
660	661	-1
660	692	-2
661	662	-1
661	693	-2
662	663	2
662	694	1
663	664	-1
663	695	-1
664	665	1
664	696	1
665	666	-1
665	697	2
666	667	1
666	698	2
667	668	2
667	699	-1
668	669	1
668	700	2
669	670	-2
669	701	2
670	671	2
670	702	2
671	703	-1
672	673	-2
672	703	1
672	704	-2
673	674	2
673	705	2
674	675	1
674	706	1
675	676	-2
675	707	1
676	677	1
676	708	-2
677	678	-2
677	709	1
678	679	-2
678	710	2
679	680	-2
679	711	-2
680	681	-1
680	712	1
681	682	-1
681	713	1
682	683	-2
682	714	1
683	684	-1
683	715	2
684	685	-1
684	716	-2
685	686	1
685	717	2
686	687	-1
686	718	-2
687	688	2
687	719	1
688	689	-2
688	720	-1
689	690	-1
689	721	-1
690	691	1
690	722	2
691	692	2
691	723	1
692	693	2
692	724	-1
693	694	1
693	725	2
694	695	1
694	726	2
695	696	2
695	727	-1
696	697	-2
696	728	1
697	698	1
697	729	1
698	699	2
698	730	2
699	700	2
699	731	-2
700	701	-2
700	732	-1
701	702	-2
701	733	2
702	703	1
702	734	2
703	735	1
704	705	2
704	735	1
704	736	-2
705	706	-1
705	737	1
706	707	1
706	738	-1
707	708	-2
707	739	-1
708	709	1
708	740	1
709	710	1
709	741	2
710	711	1
710	742	1
711	712	-1
711	743	-1
712	713	-2
712	744	-1
713	714	1
713	745	2
714	715	2
714	746	-2
715	716	-2
715	747	1
716	717	2
716	748	2
717	718	1
717	749	2
718	719	-1
718	750	-2
719	720	2
719	751	-2
720	721	2
720	752	2
721	722	-2
721	753	1
722	723	2
722	754	-2
723	724	2
723	755	2
724	725	1
724	756	-2
725	726	-2
725	757	2
726	727	1
726	758	1
727	728	1
727	759	2
728	729	2
728	760	1
729	730	-2
729	761	-2
730	731	-2
730	762	1
731	732	-1
731	763	2
732	733	-2
732	764	-2
733	734	1
733	765	1
734	735	-2
734	766	1
735	767	1
736	737	1
736	767	-2
736	768	-2
737	738	2
737	769	-1
738	739	-1
738	770	-2
739	740	2
739	771	-1
740	741	-2
740	772	-2
741	742	2
741	773	-2
742	743	1
742	774	-1
743	744	2
743	775	1
744	745	-1
744	776	-1
745	746	1
745	777	1
746	747	1
746	778	-1
747	748	1
747	779	-1
748	749	-1
748	780	1
749	750	2
749	781	2
750	751	2
750	782	2
751	752	-1
751	783	-2
752	753	-1
752	784	1
753	754	-2
753	785	2
754	755	1
754	786	-1
755	756	-2
755	787	-2
756	757	1
756	788	-1
757	758	-1
757	789	-2
758	759	-2
758	790	2
759	760	2
759	791	-2
760	761	2
760	792	1
761	762	1
761	793	2
762	763	1
762	794	2
763	764	1
763	795	1
764	765	-2
764	796	2
765	766	1
765	797	2
766	767	2
766	798	2
767	799	1
768	769	-1
768	799	-2
768	800	1
769	770	-1
769	801	1
770	771	-1
770	802	1
771	772	-2
771	803	1
772	773	-1
772	804	1
773	774	-1
773	805	1
774	775	2
774	806	-2
775	776	2
775	807	1
776	777	-1
776	808	1
777	778	1
777	809	-2
778	779	-1
778	810	1
779	780	1
779	811	2
780	781	2
780	812	-2
781	782	-1
781	813	-2
782	783	-1
782	814	2
783	784	-2
783	815	2
784	785	1
784	816	1
785	786	-1
785	817	1
786	787	2
786	818	-2
787	788	1
787	819	-1
788	789	2
788	820	2
789	790	-1
789	821	-2
790	791	1
790	822	2
791	792	2
791	823	2
792	793	-2
792	824	1
793	794	-1
793	825	1
794	795	-2
794	826	-1
795	796	-2
795	827	-2
796	797	-1
796	828	1
797	798	-1
797	829	1
798	799	-2
798	830	-2
799	831	1
800	801	1
800	831	-1
800	832	-1
801	802	-2
801	833	-2
802	803	1
802	834	1
803	804	1
803	835	-1
804	805	1
804	836	-1
805	806	-1
805	837	-1
806	807	1
806	838	2
807	808	-1
807	839	-1
808	809	-1
808	840	-2
809	810	-1
809	841	2
810	811	2
810	842	-2
811	812	-2
811	843	-1
812	813	-1
812	844	-2
813	814	1
813	845	1
814	815	1
814	846	1
815	816	1
815	847	-2
816	817	-1
816	848	1
817	818	-1
817	849	-2
818	819	-1
818	850	1
819	820	-1
819	851	1
820	821	1
820	852	-1
821	822	1
821	853	1
822	823	-1
822	854	-2
823	824	1
823	855	2
824	825	2
824	856	2
825	826	1
825	857	-1
826	827	1
826	858	-2
827	828	-1
827	859	1
828	829	1
828	860	2
829	830	-1
829	861	-1
830	831	-2
830	862	2
831	863	-1
832	833	1
832	863	1
832	864	-1
833	834	-2
833	865	2
834	835	-2
834	866	1
835	836	-1
835	867	1
836	837	2
836	868	2
837	838	-2
837	869	-1
838	839	1
838	870	-1
839	840	2
839	871	1
840	841	-1
840	872	-2
841	842	-2
841	873	1
842	843	-1
842	874	1
843	844	2
843	875	-1
844	845	-2
844	876	-2
845	846	-1
845	877	-1
846	847	2
846	878	1
847	848	2
847	879	2
848	849	1
848	880	1
849	850	-1
849	881	-2
850	851	-1
850	882	1
851	852	-1
851	883	1
852	853	1
852	884	1
853	854	2
853	885	-1
854	855	-1
854	886	-1
855	856	-1
855	887	1
856	857	2
856	888	1
857	858	-1
857	889	-2
858	859	1
858	890	-1
859	860	2
859	891	1
860	861	-2
860	892	-1
861	862	-1
861	893	-1
862	863	-1
862	894	1
863	895	1
864	865	2
864	895	-1
864	896	2
865	866	-1
865	897	1
866	867	1
866	898	1
867	868	-2
867	899	1
868	869	1
868	900	-2
869	870	1
869	901	-2
870	871	1
870	902	2
871	872	-1
871	903	2
872	873	-2
872	904	1
873	874	-1
873	905	1
874	875	-1
874	906	1
875	876	-1
875	907	-1
876	877	1
876	908	-1
877	878	-1
877	909	-2
878	879	-1
878	910	1
879	880	2
879	911	1
880	881	1
880	912	2
881	882	-1
881	913	2
882	883	1
882	914	-2
883	884	-1
883	915	-2
884	885	1
884	916	1
885	886	2
885	917	2
886	887	-2
886	918	1
887	888	-2
887	919	2
888	889	1
888	920	1
889	890	-2
889	921	-2
890	891	2
890	922	2
891	892	-1
891	923	-2
892	893	2
892	924	1
893	894	1
893	925	1
894	895	1
894	926	-1
895	927	-1
896	897	1
896	927	-2
896	928	1
897	898	1
897	929	-1
898	899	2
898	930	-1
899	900	-1
899	931	2
900	901	1
900	932	-1
901	902	1
901	933	-1
902	903	2
902	934	1
903	904	2
903	935	-2
904	905	1
904	936	-1
905	906	1
905	937	-1
906	907	1
906	938	-2
907	908	2
907	939	-2
908	909	1
908	940	-1
909	910	-1
909	941	1
910	911	-2
910	942	2
911	912	-2
911	943	-1
912	913	1
912	944	2
913	914	-1
913	945	-2
914	915	2
914	946	2
915	916	-2
915	947	1
916	917	-1
916	948	-2
917	918	-2
917	949	2
918	919	2
918	950	2
919	920	2
919	951	-1
920	921	-1
920	952	1
921	922	-1
921	953	-1
922	923	-1
922	954	1
923	924	-1
923	955	-1
924	925	1
924	956	1
925	926	1
925	957	-1
926	927	1
926	958	-1
927	959	2
928	929	1
928	959	1
928	960	-2
929	930	-1
929	961	-1
930	931	1
930	962	1
931	932	-2
931	963	1
932	933	-1
932	964	-1
933	934	-1
933	965	1
934	935	2
934	966	2
935	936	-1
935	967	1
936	937	-2
936	968	-1
937	938	1
937	969	-1
938	939	-1
938	970	1
939	940	-2
939	971	2
940	941	1
940	972	-1
941	942	-2
941	973	-1
942	943	-1
942	974	1
943	944	1
943	975	1
944	945	1
944	976	-1
945	946	-1
945	977	1
946	947	-2
946	978	-2
947	948	-2
947	979	-2
948	949	-2
948	980	-2
949	950	-2
949	981	-1
950	951	1
950	982	-1
951	952	1
951	983	-2
952	953	-1
952	984	-2
953	954	2
953	985	2
954	955	-1
954	986	-1
955	956	-2
955	987	-2
956	957	1
956	988	-1
957	958	-2
957	989	1
958	959	2
958	990	-2
959	991	-2
960	961	1
960	991	-2
960	992	-2
961	962	-1
961	993	1
962	963	2
962	994	-1
963	964	-1
963	995	-2
964	965	1
964	996	1
965	966	1
965	997	-1
966	967	2
966	998	1
967	968	-1
967	999	1
968	969	1
968	1000	1
969	970	2
969	1001	-2
970	971	1
970	1002	-1
971	972	-1
971	1003	-2
972	973	1
972	1004	-1
973	974	-2
973	1005	-1
974	975	-1
974	1006	2
975	976	1
975	1007	-2
976	977	1
976	1008	1
977	978	-2
977	1009	-1
978	979	1
978	1010	-1
979	980	1
979	1011	1
980	981	1
980	1012	-1
981	982	2
981	1013	1
982	983	-2
982	1014	1
983	984	-2
983	1015	1
984	985	1
984	1016	-1
985	986	1
985	1017	2
986	987	1
986	1018	2
987	988	2
987	1019	-1
988	989	-2
988	1020	1
989	990	-1
989	1021	-2
990	991	2
990	1022	1
991	1023	2
992	993	2
992	1023	2
993	994	2
994	995	-2
995	996	-2
996	997	1
997	998	-1
998	999	-2
999	1000	1
1000	1001	1
1001	1002	-1
1002	1003	-1
1003	1004	-1
1004	1005	-1
1005	1006	-1
1006	1007	-1
1007	1008	2
1008	1009	1
1009	1010	1
1010	1011	1
1011	1012	2
1012	1013	1
1013	1014	2
1014	1015	2
1015	1016	-1
1016	1017	1
1017	1018	2
1018	1019	2
1019	1020	1
1020	1021	-1
1021	1022	-2
1022	1023	-2
