0	1	-2
0	31	2
0	32	-2
0	992	2
1	2	1
1	33	1
1	993	-2
2	3	1
2	34	-1
2	994	-1
3	4	-1
3	35	1
3	995	1
4	5	1
4	36	-1
4	996	-1
5	6	2
5	37	1
5	997	-1
6	7	1
6	38	2
6	998	-2
7	8	-1
7	39	1
7	999	2
8	9	2
8	40	-1
8	1000	-1
9	10	2
9	41	2
9	1001	2
10	11	1
10	42	-2
10	1002	1
11	12	-1
11	43	-1
11	1003	-2
12	13	-2
12	44	1
12	1004	-1
13	14	1
13	45	-2
13	1005	1
14	15	-2
14	46	-1
14	1006	2
15	16	2
15	47	1
15	1007	-2
16	17	2
16	48	2
16	1008	-1
17	18	-2
17	49	2
17	1009	-1
18	19	-2
18	50	-1
18	1010	1
19	20	1
19	51	1
19	1011	2
20	21	1
20	52	-2
20	1012	1
21	22	1
21	53	1
21	1013	-1
22	23	1
22	54	-1
22	1014	-2
23	24	-2
23	55	1
23	1015	2
24	25	-1
24	56	2
24	1016	1
25	26	-2
25	57	-2
25	1017	1
26	27	2
26	58	-2
26	1018	1
27	28	-1
27	59	-1
27	1019	1
28	29	1
28	60	2
28	1020	-1
29	30	1
29	61	1
29	1021	2
30	31	1
30	62	-1
30	1022	-2
31	63	-1
31	1023	-1
32	33	-2
32	63	1
32	64	1
33	34	-1
33	65	1
34	35	1
34	66	1
35	36	-1
35	67	-1
36	37	2
36	68	-1
37	38	1
37	69	-1
38	39	-1
38	70	1
39	40	-1
39	71	1
40	41	1
40	72	1
41	42	-2
41	73	2
42	43	-2
42	74	-1
43	44	-1
43	75	1
44	45	-2
44	76	-1
45	46	2
45	77	2
46	47	-2
46	78	-2
47	48	2
47	79	-1
48	49	-1
48	80	-2
49	50	-1
49	81	-2
50	51	-2
50	82	-2
51	52	1
51	83	2
52	53	1
52	84	1
53	54	1
53	85	-2
54	55	1
54	86	-1
55	56	2
55	87	-1
56	57	-2
56	88	-2
57	58	1
57	89	-2
58	59	-2
58	90	-2
59	60	1
59	91	-1
60	61	-2
60	92	1
61	62	-2
61	93	1
62	63	-1
62	94	1
63	95	1
64	65	1
64	95	-1
64	96	-2
65	66	1
65	97	2
66	67	-1
66	98	-1
67	68	1
67	99	1
68	69	1
68	100	1
69	70	1
69	101	1
70	71	2
70	102	-2
71	72	1
71	103	2
72	73	1
72	104	2
73	74	-1
73	105	-2
74	75	-2
74	106	2
75	76	-1
75	107	1
76	77	-1
76	108	2
77	78	1
77	109	2
78	79	1
78	110	2
79	80	-1
79	111	-1
80	81	2
80	112	1
81	82	1
81	113	2
82	83	1
82	114	1
83	84	-2
83	115	-1
84	85	1
84	116	-2
85	86	-1
85	117	-1
86	87	-1
86	118	1
87	88	-1
87	119	-1
88	89	-1
88	120	1
89	90	-1
89	121	1
90	91	1
90	122	-1
91	92	1
91	123	-1
92	93	-1
92	124	-2
93	94	2
93	125	2
94	95	1
94	126	2
95	127	2
96	97	2
96	127	-1
96	128	1
97	98	-1
97	129	-1
98	99	-1
98	130	-1
99	100	-2
99	131	-1
100	101	-1
100	132	2
101	102	-1
101	133	1
102	103	1
102	134	1
103	104	2
103	135	2
104	105	1
104	136	-1
105	106	-1
105	137	-1
106	107	2
106	138	-1
107	108	1
107	139	-1
108	109	1
108	140	2
109	110	1
109	141	-1
110	111	2
110	142	-2
111	112	-2
111	143	-2
112	113	-1
112	144	-2
113	114	2
113	145	2
114	115	1
114	146	-1
115	116	-1
115	147	2
116	117	-2
116	148	1
117	118	-2
117	149	1
118	119	-1
118	150	-1
119	120	-2
119	151	-2
120	121	1
120	152	1
121	122	-1
121	153	-1
122	123	-1
122	154	1
123	124	2
123	155	1
124	125	-1
124	156	1
125	126	1
125	157	-1
126	127	-1
126	158	1
127	159	-2
128	129	2
128	159	-2
128	160	-1
129	130	1
129	161	-1
130	131	-1
130	162	-1
131	132	-1
131	163	1
132	133	1
132	164	-1
133	134	1
133	165	-2
134	135	1
134	166	-1
135	136	1
135	167	1
136	137	2
136	168	1
137	138	1
137	169	2
138	139	-1
138	170	2
139	140	2
139	171	-1
140	141	1
140	172	-1
141	142	-2
141	173	-2
142	143	2
142	174	-1
143	144	1
143	175	2
144	145	-2
144	176	-1
145	146	2
145	177	-1
146	147	-1
146	178	-1
147	148	1
147	179	-2
148	149	-2
148	180	-1
149	150	-2
149	181	-1
150	151	1
150	182	1
151	152	-2
151	183	2
152	153	-1
152	184	-1
153	154	-1
153	185	-2
154	155	1
154	186	-2
155	156	-1
155	187	2
156	157	2
156	188	1
157	158	1
157	189	-2
158	159	-1
158	190	-1
159	191	2
160	161	-2
160	191	-2
160	192	-1
161	162	1
161	193	1
162	163	-1
162	194	1
163	164	2
163	195	2
164	165	-2
164	196	1
165	166	-1
165	197	2
166	167	2
166	198	-2
167	168	1
167	199	1
168	169	-2
168	200	-1
169	170	-2
169	201	-1
170	171	-2
170	202	1
171	172	-1
171	203	1
172	173	-2
172	204	1
173	174	-1
173	205	-1
174	175	1
174	206	-1
175	176	2
175	207	-1
176	177	2
176	208	1
177	178	-1
177	209	-1
178	179	2
178	210	-1
179	180	-1
179	211	1
180	181	2
180	212	1
181	182	-1
181	213	2
182	183	-2
182	214	1
183	184	1
183	215	-1
184	185	1
184	216	1
185	186	-2
185	217	-2
186	187	1
186	218	-1
187	188	1
187	219	2
188	189	1
188	220	-1
189	190	1
189	221	-1
190	191	-2
190	222	-1
191	223	-1
192	193	-1
192	223	2
192	224	1
193	194	-1
193	225	-2
194	195	2
194	226	2
195	196	-1
195	227	-1
196	197	-2
196	228	-2
197	198	-2
197	229	1
198	199	-1
198	230	1
199	200	1
199	231	1
200	201	2
200	232	1
201	202	-1
201	233	2
202	203	-1
202	234	2
203	204	1
203	235	2
204	205	2
204	236	-2
205	206	1
205	237	-2
206	207	-1
206	238	-1
207	208	2
207	239	-1
208	209	-1
208	240	2
209	210	1
209	241	-1
210	211	-1
210	242	-1
211	212	1
211	243	-2
212	213	2
212	244	-2
213	214	1
213	245	1
214	215	-2
214	246	-1
215	216	1
215	247	-2
216	217	-1
216	248	-1
217	218	2
217	249	-1
218	219	2
218	250	1
219	220	2
219	251	1
220	221	2
220	252	-2
221	222	-1
221	253	1
222	223	1
222	254	2
223	255	-1
224	225	-2
224	255	1
224	256	1
225	226	1
225	257	-1
226	227	1
226	258	2
227	228	2
227	259	1
228	229	-2
228	260	2
229	230	-1
229	261	1
230	231	1
230	262	2
231	232	-2
231	263	1
232	233	-2
232	264	-2
233	234	-1
233	265	1
234	235	1
234	266	1
235	236	2
235	267	1
236	237	-1
236	268	-1
237	238	1
237	269	-2
238	239	1
238	270	-2
239	240	-1
239	271	-2
240	241	-2
240	272	1
241	242	-1
241	273	-1
242	243	2
242	274	1
243	244	2
243	275	-1
244	245	1
244	276	2
245	246	1
245	277	-2
246	247	2
246	278	1
247	248	-1
247	279	-1
248	249	1
248	280	-1
249	250	2
249	281	-1
250	251	-2
250	282	-2
251	252	2
251	283	-2
252	253	1
252	284	1
253	254	-2
253	285	2
254	255	2
254	286	-1
255	287	1
256	257	-2
256	287	-1
256	288	-1
257	258	2
257	289	1
258	259	1
258	290	-2
259	260	-2
259	291	1
260	261	-2
260	292	-2
261	262	2
261	293	1
262	263	2
262	294	-2
263	264	-2
263	295	1
264	265	2
264	296	-2
265	266	1
265	297	-1
266	267	1
266	298	-1
267	268	2
267	299	2
268	269	-2
268	300	-1
269	270	-1
269	301	-1
270	271	1
270	302	-2
271	272	-2
271	303	-1
272	273	-1
272	304	1
273	274	-2
273	305	-2
274	275	-1
274	306	-2
275	276	1
275	307	-2
276	277	-2
276	308	1
277	278	2
277	309	2
278	279	1
278	310	-2
279	280	1
279	311	-2
280	281	-1
280	312	-2
281	282	-1
281	313	-2
282	283	-1
282	314	1
283	284	1
283	315	-2
284	285	2
284	316	-1
285	286	-2
285	317	-1
286	287	2
286	318	-2
287	319	-2
288	289	-1
288	319	-1
288	320	-1
289	290	-1
289	321	1
290	291	2
290	322	1
291	292	1
291	323	2
292	293	-1
292	324	2
293	294	1
293	325	2
294	295	2
294	326	2
295	296	-2
295	327	-1
296	297	-1
296	328	-1
297	298	1
297	329	-2
298	299	2
298	330	2
299	300	-1
299	331	1
300	301	1
300	332	1
301	302	-1
301	333	1
302	303	-2
302	334	-2
303	304	2
303	335	2
304	305	-1
304	336	-1
305	306	-1
305	337	2
306	307	1
306	338	-2
307	308	-1
307	339	-1
308	309	1
308	340	-2
309	310	1
309	341	-1
310	311	-1
310	342	2
311	312	1
311	343	1
312	313	2
312	344	2
313	314	2
313	345	2
314	315	-2
314	346	1
315	316	1
315	347	1
316	317	-2
316	348	-1
317	318	2
317	349	1
318	319	-1
318	350	-1
319	351	-1
320	321	2
320	351	1
320	352	1
321	322	1
321	353	2
322	323	-2
322	354	-2
323	324	-2
323	355	-2
324	325	2
324	356	-1
325	326	-2
325	357	2
326	327	-2
326	358	-2
327	328	2
327	359	-1
328	329	1
328	360	-2
329	330	1
329	361	2
330	331	-2
330	362	-2
331	332	1
331	363	1
332	333	1
332	364	-1
333	334	-1
333	365	-2
334	335	-1
334	366	-1
335	336	1
335	367	-1
336	337	-2
336	368	1
337	338	-1
337	369	-2
338	339	-1
338	370	-1
339	340	2
339	371	1
340	341	-1
340	372	-2
341	342	2
341	373	-1
342	343	1
342	374	-1
343	344	-2
343	375	-1
344	345	2
344	376	1
345	346	-1
345	377	-1
346	347	-1
346	378	2
347	348	1
347	379	-2
348	349	-1
348	380	-2
349	350	1
349	381	1
350	351	2
350	382	-1
351	383	1
352	353	-1
352	383	-1
352	384	-2
353	354	-1
353	385	1
354	355	1
354	386	-1
355	356	-2
355	387	2
356	357	1
356	388	-1
357	358	2
357	389	-1
358	359	1
358	390	-1
359	360	-1
359	391	1
360	361	1
360	392	-1
361	362	-1
361	393	1
362	363	-1
362	394	1
363	364	-1
363	395	-2
364	365	-2
364	396	2
365	366	-2
365	397	-2
366	367	2
366	398	1
367	368	-2
367	399	1
368	369	-1
368	400	-2
369	370	-1
369	401	-2
370	371	-1
370	402	1
371	372	-1
371	403	1
372	373	2
372	404	-1
373	374	-1
373	405	1
374	375	-1
374	406	-1
375	376	1
375	407	-2
376	377	1
376	408	-2
377	378	1
377	409	1
378	379	-1
378	410	2
379	380	-1
379	411	-2
380	381	-2
380	412	-1
381	382	-1
381	413	-2
382	383	2
382	414	1
383	415	-1
384	385	2
384	415	2
384	416	-1
385	386	-1
385	417	1
386	387	2
386	418	-2
387	388	-1
387	419	-1
388	389	1
388	420	2
389	390	-2
389	421	-2
390	391	2
390	422	1
391	392	-1
391	423	1
392	393	1
392	424	1
393	394	1
393	425	1
394	395	-2
394	426	-2
395	396	-2
395	427	1
396	397	2
396	428	1
397	398	-1
397	429	-1
398	399	1
398	430	-1
399	400	-1
399	431	1
400	401	-1
400	432	2
401	402	-2
401	433	-2
402	403	1
402	434	2
403	404	-2
403	435	2
404	405	1
404	436	-1
405	406	-1
405	437	-1
406	407	-2
406	438	-2
407	408	-1
407	439	-1
408	409	-1
408	440	2
409	410	-2
409	441	-2
410	411	-1
410	442	-1
411	412	1
411	443	-1
412	413	-1
412	444	1
413	414	-2
413	445	2
414	415	2
414	446	1
415	447	1
416	417	2
416	447	-2
416	448	-2
417	418	-2
417	449	-2
418	419	-2
418	450	1
419	420	-2
419	451	1
420	421	1
420	452	2
421	422	2
421	453	-2
422	423	-1
422	454	1
423	424	-1
423	455	-1
424	425	-1
424	456	-1
425	426	-2
425	457	2
426	427	-2
426	458	2
427	428	-2
427	459	-2
428	429	1
428	460	1
429	430	2
429	461	2
430	431	1
430	462	-1
431	432	-2
431	463	1
432	433	-1
432	464	-1
433	434	1
433	465	1
434	435	-2
434	466	-1
435	436	1
435	467	-1
436	437	-1
436	468	1
437	438	-1
437	469	1
438	439	1
438	470	-1
439	440	1
439	471	2
440	441	-2
440	472	-1
441	442	1
441	473	-1
442	443	2
442	474	1
443	444	1
443	475	-1
444	445	2
444	476	-1
445	446	-1
445	477	-1
446	447	-1
446	478	-1
447	479	-1
448	449	-1
448	479	1
448	480	-2
449	450	-2
449	481	2
450	451	1
450	482	-1
451	452	1
451	483	-2
452	453	1
452	484	-1
453	454	2
453	485	2
454	455	-1
454	486	-1
455	456	1
455	487	-1
456	457	2
456	488	1
457	458	1
457	489	-1
458	459	2
458	490	-2
459	460	-1
459	491	2
460	461	-1
460	492	2
461	462	1
461	493	2
462	463	1
462	494	-1
463	464	-2
463	495	-2
464	465	-1
464	496	2
465	466	1
465	497	2
466	467	-2
466	498	1
467	468	1
467	499	2
468	469	2
468	500	1
469	470	-2
469	501	2
470	471	-1
470	502	-2
471	472	2
471	503	2
472	473	2
472	504	2
473	474	1
473	505	-2
474	475	1
474	506	-2
475	476	-1
475	507	2
476	477	-2
476	508	-1
477	478	1
477	509	2
478	479	-2
478	510	1
479	511	1
480	481	-1
480	511	-1
480	512	1
481	482	-1
481	513	2
482	483	-2
482	514	-2
483	484	-2
483	515	1
484	485	2
484	516	-2
485	486	-1
485	517	-1
486	487	1
486	518	-1
487	488	1
487	519	-2
488	489	1
488	520	2
489	490	-2
489	521	1
490	491	1
490	522	2
491	492	-1
491	523	1
492	493	1
492	524	1
493	494	-2
493	525	2
494	495	-2
494	526	1
495	496	2
495	527	-2
496	497	2
496	528	-1
497	498	-1
497	529	1
498	499	1
498	530	1
499	500	2
499	531	1
500	501	-1
500	532	2
501	502	1
501	533	-1
502	503	-2
502	534	-1
503	504	2
503	535	1
504	505	1
504	536	2
505	506	1
505	537	-1
506	507	2
506	538	-1
507	508	-1
507	539	-1
508	509	-2
508	540	-1
509	510	1
509	541	1
510	511	2
510	542	2
511	543	-2
512	513	-1
512	543	-2
512	544	2
513	514	-1
513	545	-2
514	515	2
514	546	2
515	516	-1
515	547	-1
516	517	2
516	548	1
517	518	1
517	549	-1
518	519	-1
518	550	2
519	520	1
519	551	2
520	521	2
520	552	-2
521	522	1
521	553	2
522	523	2
522	554	1
523	524	1
523	555	1
524	525	1
524	556	-1
525	526	1
525	557	-1
526	527	1
526	558	1
527	528	-1
527	559	1
528	529	-2
528	560	-2
529	530	1
529	561	1
530	531	2
530	562	-1
531	532	-1
531	563	-1
532	533	-2
532	564	-1
533	534	-1
533	565	1
534	535	2
534	566	1
535	536	-1
535	567	1
536	537	-2
536	568	1
537	538	-1
537	569	2
538	539	-1
538	570	-2
539	540	2
539	571	2
540	541	2
540	572	-2
541	542	-2
541	573	2
542	543	1
542	574	2
543	575	2
544	545	-1
544	575	1
544	576	1
545	546	-1
545	577	-2
546	547	1
546	578	2
547	548	1
547	579	1
548	549	2
548	580	1
549	550	-1
549	581	-2
550	551	1
550	582	-1
551	552	-1
551	583	-1
552	553	1
552	584	2
553	554	2
553	585	1
554	555	-2
554	586	-2
555	556	2
555	587	1
556	557	-1
556	588	1
557	558	-1
557	589	-2
558	559	-1
558	590	-1
559	560	1
559	591	-2
560	561	-2
560	592	-1
561	562	-1
561	593	-2
562	563	-1
562	594	2
563	564	-1
563	595	-1
564	565	-2
564	596	-2
565	566	-1
565	597	-2
566	567	-1
566	598	1
567	568	-1
567	599	-1
568	569	1
568	600	1
569	570	2
569	601	2
570	571	-2
570	602	1
571	572	-1
571	603	1
572	573	1
572	604	1
573	574	1
573	605	2
574	575	-1
574	606	-2
575	607	2
576	577	2
576	607	-2
576	608	-1
577	578	-2
577	609	-2
578	579	-1
578	610	2
579	580	-1
579	611	-2
580	581	-2
580	612	-1
581	582	2
581	613	-2
582	583	2
582	614	1
583	584	-2
583	615	-2
584	585	-1
584	616	-2
585	586	2
585	617	-1
586	587	1
586	618	-2
587	588	-2
587	619	-2
588	589	-1
588	620	-2
589	590	2
589	621	1
590	591	2
590	622	1
591	592	-1
591	623	-2
592	593	-2
592	624	1
593	594	-1
593	625	2
594	595	-2
594	626	-2
595	596	2
595	627	-1
596	597	-1
596	628	1
597	598	-2
597	629	1
598	599	-1
598	630	-2
599	600	-1
599	631	2
600	601	-1
600	632	-1
601	602	-1
601	633	2
602	603	2
602	634	2
603	604	1
603	635	1
604	605	-2
604	636	1
605	606	1
605	637	-2
606	607	-1
606	638	-2
607	639	-2
608	609	-2
608	639	-1
608	640	2
609	610	-1
609	641	-2
610	611	-1
610	642	2
611	612	2
611	643	1
612	613	1
612	644	-1
613	614	-1
613	645	1
614	615	2
614	646	-1
615	616	-2
615	647	1
616	617	1
616	648	2
617	618	1
617	649	-1
618	619	-1
618	650	1
619	620	-2
619	651	1
620	621	-2
620	652	-2
621	622	-2
621	653	-1
622	623	1
622	654	2
623	624	-2
623	655	2
624	625	1
624	656	1
625	626	1
625	657	-1
626	627	1
626	658	2
627	628	1
627	659	-2
628	629	1
628	660	1
629	630	2
629	661	-2
630	631	-1
630	662	2
631	632	1
631	663	-2
632	633	-2
632	664	-1
633	634	1
633	665	-2
634	635	-1
634	666	-2
635	636	1
635	667	1
636	637	-2
636	668	-1
637	638	2
637	669	-2
638	639	1
638	670	-2
639	671	-2
640	641	1
640	671	-1
640	672	-2
641	642	-1
641	673	-1
642	643	-2
642	674	1
643	644	2
643	675	-2
644	645	-2
644	676	1
645	646	-1
645	677	1
646	647	2
646	678	1
647	648	1
647	679	2
648	649	-1
648	680	-2
649	650	1
649	681	-1
650	651	-2
650	682	-2
651	652	-2
651	683	-1
652	653	2
652	684	-2
653	654	-1
653	685	-1
654	655	-2
654	686	1
655	656	2
655	687	2
656	657	2
656	688	1
657	658	1
657	689	2
658	659	-2
658	690	2
659	660	1
659	691	1
660	661	1
660	692	2
661	662	1
661	693	-1
662	663	-2
662	694	2
663	664	-2
663	695	1
664	665	1
664	696	-2
665	666	-1
665	697	1
666	667	-1
666	698	1
667	668	1
667	699	1
668	669	-2
668	700	1
669	670	-1
669	701	-2
670	671	2
670	702	-2
671	703	1
672	673	-2
672	703	-1
672	704	-2
673	674	2
673	705	2
674	675	-1
674	706	-1
675	676	-1
675	707	-1
676	677	2
676	708	-2
677	678	-1
677	709	1
678	679	-1
678	710	1
679	680	-2
679	711	-1
680	681	2
680	712	-2
681	682	2
681	713	-1
682	683	1
682	714	2
683	684	1
683	715	-1
684	685	-2
684	716	1
685	686	2
685	717	-1
686	687	2
686	718	1
687	688	2
687	719	1
688	689	-1
688	720	-1
689	690	-2
689	721	1
690	691	1
690	722	2
691	692	1
691	723	1
692	693	2
692	724	1
693	694	2
693	725	-1
694	695	1
694	726	1
695	696	-2
695	727	1
696	697	2
696	728	-1
697	698	2
697	729	-2
698	699	1
698	730	1
699	700	1
699	731	-1
700	701	-2
700	732	1
701	702	1
701	733	-1
702	703	1
702	734	-1
703	735	-1
704	705	1
704	735	2
704	736	-1
705	706	1
705	737	1
706	707	1
706	738	-2
707	708	2
707	739	-2
708	709	2
708	740	-2
709	710	1
709	741	1
710	711	2
710	742	-2
711	712	1
711	743	1
712	713	-1
712	744	-1
713	714	2
713	745	-1
714	715	-2
714	746	1
715	716	1
715	747	1
716	717	1
716	748	1
717	718	1
717	749	1
718	719	-2
718	750	-1
719	720	2
719	751	1
720	721	1
720	752	1
721	722	1
721	753	-2
722	723	-2
722	754	1
723	724	-1
723	755	2
724	725	2
724	756	1
725	726	1
725	757	-2
726	727	1
726	758	-2
727	728	-1
727	759	1
728	729	-1
728	760	1
729	730	2
729	761	-1
730	731	-1
730	762	-1
731	732	1
731	763	-1
732	733	1
732	764	1
733	734	-1
733	765	2
734	735	-1
734	766	-1
735	767	-2
736	737	1
736	767	1
736	768	-1
737	738	-2
737	769	-2
738	739	-1
738	770	-2
739	740	1
739	771	2
740	741	1
740	772	-1
741	742	1
741	773	-1
742	743	1
742	774	1
743	744	-1
743	775	2
744	745	1
744	776	2
745	746	1
745	777	-1
746	747	2
746	778	1
747	748	-2
747	779	-2
748	749	-1
748	780	-1
749	750	-1
749	781	-2
750	751	-2
750	782	2
751	752	2
751	783	1
752	753	2
752	784	2
753	754	1
753	785	1
754	755	2
754	786	-1
755	756	-2
755	787	1
756	757	1
756	788	-2
757	758	2
757	789	-1
758	759	2
758	790	-1
759	760	1
759	791	2
760	761	-1
760	792	2
761	762	2
761	793	1
762	763	1
762	794	-1
763	764	-2
763	795	2
764	765	-2
764	796	-1
765	766	-1
765	797	-1
766	767	2
766	798	1
767	799	-2
768	769	1
768	799	-2
768	800	1
769	770	1
769	801	-2
770	771	-2
770	802	1
771	772	1
771	803	2
772	773	2
772	804	1
773	774	1
773	805	-1
774	775	2
774	806	1
775	776	1
775	807	1
776	777	1
776	808	1
777	778	1
777	809	2
778	779	-2
778	810	-1
779	780	2
779	811	1
780	781	-1
780	812	-1
781	782	-2
781	813	-2
782	783	2
782	814	-1
783	784	-2
783	815	2
784	785	2
784	816	-1
785	786	1
785	817	-2
786	787	2
786	818	1
787	788	-1
787	819	-2
788	789	2
788	820	-2
789	790	-2
789	821	1
790	791	-2
790	822	-1
791	792	-1
791	823	1
792	793	-1
792	824	1
793	794	2
793	825	2
794	795	1
794	826	-1
795	796	-2
795	827	1
796	797	-1
796	828	1
797	798	-1
797	829	2
798	799	1
798	830	2
799	831	-2
800	801	1
800	831	2
800	832	1
801	802	-1
801	833	-1
802	803	2
802	834	1
803	804	1
803	835	-2
804	805	2
804	836	2
805	806	-1
805	837	-2
806	807	-2
806	838	1
807	808	2
807	839	1
808	809	-2
808	840	-1
809	810	2
809	841	-1
810	811	-1
810	842	1
811	812	1
811	843	1
812	813	2
812	844	-2
813	814	1
813	845	2
814	815	2
814	846	-1
815	816	-1
815	847	2
816	817	-1
816	848	-1
817	818	1
817	849	2
818	819	2
818	850	-2
819	820	-1
819	851	-1
820	821	1
820	852	1
821	822	-1
821	853	-1
822	823	-2
822	854	-2
823	824	2
823	855	-2
824	825	2
824	856	-1
825	826	-1
825	857	1
826	827	1
826	858	2
827	828	-2
827	859	1
828	829	2
828	860	-2
829	830	1
829	861	-2
830	831	2
830	862	1
831	863	1
832	833	2
832	863	-2
832	864	-1
833	834	-2
833	865	2
834	835	-1
834	866	-1
835	836	1
835	867	2
836	837	-1
836	868	1
837	838	-2
837	869	2
838	839	1
838	870	-1
839	840	1
839	871	1
840	841	2
840	872	2
841	842	2
841	873	1
842	843	-1
842	874	2
843	844	2
843	875	-2
844	845	-1
844	876	2
845	846	2
845	877	-1
846	847	1
846	878	1
847	848	-2
847	879	1
848	849	-2
848	880	2
849	850	1
849	881	1
850	851	2
850	882	2
851	852	-1
851	883	1
852	853	-2
852	884	-2
853	854	2
853	885	-1
854	855	-1
854	886	1
855	856	-2
855	887	1
856	857	1
856	888	1
857	858	2
857	889	2
858	859	1
858	890	2
859	860	-1
859	891	2
860	861	-1
860	892	1
861	862	2
861	893	-1
862	863	1
862	894	-2
863	895	-1
864	865	1
864	895	2
864	896	-1
865	866	2
865	897	-1
866	867	-2
866	898	2
867	868	-2
867	899	-1
868	869	2
868	900	-1
869	870	-1
869	901	1
870	871	1
870	902	1
871	872	-2
871	903	-1
872	873	-1
872	904	1
873	874	-2
873	905	1
874	875	-2
874	906	1
875	876	1
875	907	1
876	877	-2
876	908	-1
877	878	-1
877	909	-2
878	879	-2
878	910	2
879	880	1
879	911	-1
880	881	1
880	912	1
881	882	2
881	913	2
882	883	-1
882	914	-1
883	884	2
883	915	-1
884	885	1
884	916	1
885	886	-1
885	917	2
886	887	1
886	918	-2
887	888	-2
887	919	-1
888	889	-2
888	920	-2
889	890	2
889	921	1
890	891	-1
890	922	-2
891	892	-2
891	923	2
892	893	-1
892	924	1
893	894	2
893	925	2
894	895	-2
894	926	1
895	927	-2
896	897	-1
896	927	-2
896	928	2
897	898	2
897	929	-1
898	899	1
898	930	-1
899	900	2
899	931	2
900	901	-2
900	932	1
901	902	1
901	933	-1
902	903	-1
902	934	-1
903	904	-2
903	935	-1
904	905	2
904	936	-1
905	906	2
905	937	2
906	907	2
906	938	1
907	908	2
907	939	-2
908	909	-2
908	940	-1
909	910	-2
909	941	-2
910	911	-2
910	942	1
911	912	2
911	943	2
912	913	-1
912	944	2
913	914	1
913	945	-1
914	915	1
914	946	-2
915	916	2
915	947	2
916	917	-2
916	948	1
917	918	-2
917	949	2
918	919	-1
918	950	-1
919	920	2
919	951	-1
920	921	-2
920	952	1
921	922	2
921	953	1
922	923	-1
922	954	-1
923	924	1
923	955	-2
924	925	2
924	956	2
925	926	-2
925	957	1
926	927	-2
926	958	-2
927	959	-1
928	929	-2
928	959	1
928	960	2
929	930	-1
929	961	-2
930	931	2
930	962	-2
931	932	1
931	963	-2
932	933	-2
932	964	-1
933	934	-2
933	965	-1
934	935	1
934	966	-2
935	936	2
935	967	-2
936	937	1
936	968	1
937	938	1
937	969	2
938	939	2
938	970	2
939	940	-2
939	971	-1
940	941	1
940	972	-1
941	942	-1
941	973	-1
942	943	1
942	974	-1
943	944	2
943	975	1
944	945	-2
944	976	-2
945	946	2
945	977	-1
946	947	2
946	978	1
947	948	1
947	979	-1
948	949	1
948	980	1
949	950	2
949	981	2
950	951	1
950	982	1
951	952	2
951	983	1
952	953	2
952	984	2
953	954	-1
953	985	-2
954	955	2
954	986	2
955	956	1
955	987	-2
956	957	-2
956	988	1
957	958	1
957	989	1
958	959	1
958	990	-1
959	991	-1
960	961	1
960	991	2
960	992	2
961	962	2
961	993	2
962	963	2
962	994	1
963	964	-1
963	995	1
964	965	-2
964	996	-1
965	966	2
965	997	-1
966	967	2
966	998	-1
967	968	2
967	999	-2
968	969	-2
968	1000	2
969	970	-2
969	1001	2
970	971	2
970	1002	2
971	972	2
971	1003	-1
972	973	-2
972	1004	-1
973	974	1
973	1005	-2
974	975	1
974	1006	-1
975	976	1
975	1007	1
976	977	2
976	1008	-2
977	978	2
977	1009	1
978	979	-1
978	1010	1
979	980	1
979	1011	-1
980	981	-1
980	1012	2
981	982	-1
981	1013	-1
982	983	2
982	1014	2
983	984	-2
983	1015	1
984	985	1
984	1016	2
985	986	-2
985	1017	1
986	987	-2
986	1018	-2
987	988	1
987	1019	1
988	989	1
988	1020	2
989	990	1
989	1021	2
990	991	2
990	1022	2
991	1023	1
992	993	-1
992	1023	2
993	994	-2
994	995	-2
995	996	-1
996	997	1
997	998	-1
998	999	-2
999	1000	-2
1000	1001	1
1001	1002	-1
1002	1003	2
1003	1004	2
1004	1005	1
1005	1006	-2
1006	1007	1
1007	1008	-2
1008	1009	1
1009	1010	-2
1010	1011	-1
1011	1012	-2
1012	1013	-2
1013	1014	-2
1014	1015	-2
1015	1016	1
1016	1017	-1
1017	1018	2
1018	1019	-1
1019	1020	-1
1020	1021	-1
1021	1022	1
1022	1023	-1
