0	1	-2
0	31	1
0	32	-2
0	992	1
1	2	-2
1	33	1
1	993	1
2	3	1
2	34	-2
2	994	2
3	4	-1
3	35	-1
3	995	-2
4	5	2
4	36	-2
4	996	2
5	6	1
5	37	2
5	997	-1
6	7	-1
6	38	1
6	998	-1
7	8	2
7	39	-1
7	999	1
8	9	1
8	40	-1
8	1000	-1
9	10	-1
9	41	-1
9	1001	-2
10	11	2
10	42	2
10	1002	2
11	12	1
11	43	1
11	1003	2
12	13	-1
12	44	-2
12	1004	2
13	14	-1
13	45	-2
13	1005	1
14	15	-2
14	46	-1
14	1006	-1
15	16	1
15	47	1
15	1007	1
16	17	2
16	48	-1
16	1008	-1
17	18	2
17	49	-2
17	1009	-1
18	19	-1
18	50	2
18	1010	1
19	20	1
19	51	2
19	1011	-1
20	21	-2
20	52	1
20	1012	2
21	22	1
21	53	-1
21	1013	-1
22	23	-2
22	54	-1
22	1014	2
23	24	1
23	55	1
23	1015	1
24	25	-1
24	56	1
24	1016	-1
25	26	2
25	57	-1
25	1017	-1
26	27	-1
26	58	2
26	1018	-2
27	28	1
27	59	2
27	1019	1
28	29	2
28	60	2
28	1020	-1
29	30	-1
29	61	-1
29	1021	1
30	31	-2
30	62	1
30	1022	1
31	63	-2
31	1023	-1
32	33	-1
32	63	1
32	64	2
33	34	-2
33	65	-2
34	35	-2
34	66	-1
35	36	-2
35	67	2
36	37	1
36	68	1
37	38	-1
37	69	-1
38	39	-1
38	70	-1
39	40	-1
39	71	-2
40	41	-1
40	72	-2
41	42	2
41	73	1
42	43	-1
42	74	-1
43	44	-1
43	75	2
44	45	1
44	76	1
45	46	-1
45	77	2
46	47	-2
46	78	-1
47	48	-1
47	79	2
48	49	-1
48	80	1
49	50	-2
49	81	1
50	51	2
50	82	2
51	52	-1
51	83	-1
52	53	-2
52	84	-1
53	54	1
53	85	2
54	55	-2
54	86	-1
55	56	1
55	87	-1
56	57	-1
56	88	-1
57	58	1
57	89	-2
58	59	1
58	90	-1
59	60	2
59	91	1
60	61	1
60	92	2
61	62	1
61	93	-1
62	63	-1
62	94	1
63	95	-1
64	65	-1
64	95	2
64	96	-2
65	66	2
65	97	-2
66	67	1
66	98	2
67	68	2
67	99	1
68	69	-2
68	100	-2
69	70	1
69	101	1
70	71	1
70	102	1
71	72	1
71	103	1
72	73	-1
72	104	1
73	74	2
73	105	2
74	75	-2
74	106	2
75	76	1
75	107	1
76	77	-2
76	108	1
77	78	-2
77	109	-2
78	79	1
78	110	1
79	80	2
79	111	-2
80	81	-1
80	112	-2
81	82	2
81	113	-2
82	83	1
82	114	-1
83	84	1
83	115	-2
84	85	-1
84	116	2
85	86	2
85	117	-1
86	87	1
86	118	1
87	88	-1
87	119	-1
88	89	2
88	120	2
89	90	-1
89	121	-2
90	91	-2
90	122	1
91	92	-1
91	123	2
92	93	1
92	124	-2
93	94	2
93	125	1
94	95	1
94	126	1
95	127	1
96	97	1
96	127	2
96	128	-1
97	98	-1
97	129	1
98	99	-2
98	130	1
99	100	-2
99	131	-2
100	101	-2
100	132	1
101	102	-1
101	133	-1
102	103	-1
102	134	1
103	104	-2
103	135	2
104	105	2
104	136	1
105	106	1
105	137	-1
106	107	2
106	138	1
107	108	1
107	139	2
108	109	-1
108	140	1
109	110	-2
109	141	2
110	111	2
110	142	1
111	112	2
111	143	1
112	113	1
112	144	-1
113	114	-2
113	145	1
114	115	-1
114	146	-1
115	116	-1
115	147	2
116	117	-2
116	148	1
117	118	1
117	149	-2
118	119	1
118	150	2
119	120	2
119	151	-1
120	121	1
120	152	-1
121	122	-1
121	153	-2
122	123	1
122	154	1
123	124	-2
123	155	2
124	125	1
124	156	-1
125	126	1
125	157	2
126	127	-1
126	158	-1
127	159	1
128	129	-2
128	159	2
128	160	-1
129	130	2
129	161	1
130	131	-2
130	162	1
131	132	-2
131	163	-1
132	133	1
132	164	-1
133	134	-1
133	165	2
134	135	-1
134	166	-1
135	136	1
135	167	1
136	137	1
136	168	1
137	138	1
137	169	-1
138	139	2
138	170	1
139	140	-1
139	171	-1
140	141	-1
140	172	1
141	142	1
141	173	2
142	143	1
142	174	-1
143	144	2
143	175	2
144	145	-2
144	176	-2
145	146	-2
145	177	-1
146	147	-2
146	178	1
147	148	2
147	179	2
148	149	-1
148	180	2
149	150	2
149	181	-2
150	151	-1
150	182	-1
151	152	-2
151	183	-2
152	153	2
152	184	1
153	154	-2
153	185	-2
154	155	-1
154	186	-2
155	156	-1
155	187	-1
156	157	-2
156	188	2
157	158	2
157	189	-1
158	159	-1
158	190	1
159	191	-1
160	161	-2
160	191	2
160	192	-1
161	162	-1
161	193	-2
162	163	-2
162	194	-2
163	164	-2
163	195	1
164	165	1
164	196	2
165	166	2
165	197	1
166	167	-1
166	198	1
167	168	1
167	199	1
168	169	1
168	200	-1
169	170	1
169	201	-1
170	171	2
170	202	-1
171	172	1
171	203	-2
172	173	2
172	204	2
173	174	-2
173	205	-1
174	175	1
174	206	2
175	176	-1
175	207	1
176	177	1
176	208	1
177	178	-2
177	209	2
178	179	1
178	210	2
179	180	2
179	211	-1
180	181	-1
180	212	-2
181	182	-1
181	213	-2
182	183	2
182	214	-1
183	184	-1
183	215	-1
184	185	1
184	216	1
185	186	-1
185	217	2
186	187	2
186	218	-1
187	188	2
187	219	2
188	189	-2
188	220	1
189	190	2
189	221	-2
190	191	-1
190	222	-1
191	223	2
192	193	2
192	223	1
192	224	-1
193	194	2
193	225	2
194	195	-2
194	226	1
195	196	2
195	227	2
196	197	-1
196	228	2
197	198	-1
197	229	2
198	199	1
198	230	-2
199	200	1
199	231	-1
200	201	-1
200	232	-2
201	202	-1
201	233	2
202	203	-1
202	234	2
203	204	1
203	235	-1
204	205	1
204	236	2
205	206	-1
205	237	2
206	207	2
206	238	-1
207	208	1
207	239	-1
208	209	1
208	240	-1
209	210	1
209	241	2
210	211	-1
210	242	2
211	212	-1
211	243	-1
212	213	1
212	244	2
213	214	2
213	245	-1
214	215	1
214	246	-1
215	216	-1
215	247	1
216	217	1
216	248	-1
217	218	-2
217	249	-2
218	219	2
218	250	2
219	220	-1
219	251	-2
220	221	1
220	252	1
221	222	-1
221	253	-1
222	223	1
222	254	2
223	255	1
224	225	2
224	255	-2
224	256	2
225	226	1
225	257	-1
226	227	2
226	258	2
227	228	1
227	259	-1
228	229	2
228	260	2
229	230	-1
229	261	2
230	231	-1
230	262	-1
231	232	2
231	263	-2
232	233	-1
232	264	-2
233	234	-1
233	265	-2
234	235	-2
234	266	-1
235	236	-1
235	267	2
236	237	-2
236	268	2
237	238	1
237	269	2
238	239	-2
238	270	2
239	240	-1
239	271	1
240	241	2
240	272	2
241	242	1
241	273	-2
242	243	-2
242	274	2
243	244	-1
243	275	2
244	245	2
244	276	-2
245	246	-2
245	277	-1
246	247	1
246	278	1
247	248	-2
247	279	-2
248	249	-2
248	280	1
249	250	2
249	281	-1
250	251	1
250	282	-2
251	252	-2
251	283	-1
252	253	1
252	284	2
253	254	-1
253	285	1
254	255	-1
254	286	-1
255	287	-1
256	257	-1
256	287	-2
256	288	1
257	258	2
257	289	-1
258	259	2
258	290	-1
259	260	2
259	291	-2
260	261	2
260	292	2
261	262	-1
261	293	2
262	263	-2
262	294	-1
263	264	-1
263	295	1
264	265	-2
264	296	1
265	266	2
265	297	1
266	267	1
266	298	-2
267	268	1
267	299	-1
268	269	-1
268	300	2
269	270	-1
269	301	1
270	271	1
270	302	2
271	272	2
271	303	-2
272	273	-1
272	304	-1
273	274	2
273	305	1
274	275	-2
274	306	1
275	276	-2
275	307	-1
276	277	-2
276	308	1
277	278	-1
277	309	-2
278	279	-2
278	310	-1
279	280	-1
279	311	-1
280	281	-1
280	312	-1
281	282	-2
281	313	-2
282	283	-2
282	314	-2
283	284	-1
283	315	1
284	285	2
284	316	-2
285	286	-1
285	317	-1
286	287	2
286	318	-1
287	319	-2
288	289	-1
288	319	1
288	320	1
289	290	-1
289	321	1
290	291	-2
290	322	-1
291	292	-1
291	323	1
292	293	-1
292	324	1
293	294	2
293	325	-1
294	295	-2
294	326	-2
295	296	1
295	327	-2
296	297	2
296	328	1
297	298	-1
297	329	2
298	299	-2
298	330	2
299	300	2
299	331	2
300	301	2
300	332	-1
301	302	1
301	333	1
302	303	2
302	334	1
303	304	2
303	335	2
304	305	-1
304	336	1
305	306	2
305	337	-2
306	307	-2
306	338	-2
307	308	-2
307	339	1
308	309	-1
308	340	-2
309	310	1
309	341	-1
310	311	2
310	342	-1
311	312	-2
311	343	-1
312	313	2
312	344	2
313	314	-1
313	345	-1
314	315	-1
314	346	-1
315	316	1
315	347	-1
316	317	-1
316	348	2
317	318	1
317	349	-2
318	319	-1
318	350	-1
319	351	1
320	321	1
320	351	-1
320	352	-2
321	322	-1
321	353	2
322	323	-1
322	354	1
323	324	1
323	355	-1
324	325	-1
324	356	1
325	326	-1
325	357	-2
326	327	1
326	358	1
327	328	2
327	359	2
328	329	1
328	360	-1
329	330	1
329	361	-1
330	331	-1
330	362	2
331	332	2
331	363	1
332	333	2
332	364	1
333	334	-1
333	365	-1
334	335	1
334	366	1
335	336	-2
335	367	-2
336	337	1
336	368	1
337	338	-1
337	369	-2
338	339	1
338	370	1
339	340	-2
339	371	1
340	341	2
340	372	-2
341	342	-2
341	373	-1
342	343	-1
342	374	1
343	344	-1
343	375	-2
344	345	-1
344	376	2
345	346	1
345	377	-2
346	347	-1
346	378	1
347	348	2
347	379	1
348	349	-1
348	380	-1
349	350	-1
349	381	2
350	351	-1
350	382	1
351	383	-1
352	353	1
352	383	-2
352	384	-2
353	354	-2
353	385	1
354	355	-1
354	386	-2
355	356	1
355	387	-1
356	357	-2
356	388	-1
357	358	-2
357	389	-1
358	359	-2
358	390	2
359	360	-1
359	391	-1
360	361	-1
360	392	1
361	362	-2
361	393	2
362	363	1
362	394	2
363	364	1
363	395	1
364	365	2
364	396	1
365	366	-2
365	397	1
366	367	2
366	398	1
367	368	-2
367	399	1
368	369	2
368	400	1
369	370	-2
369	401	1
370	371	-1
370	402	-2
371	372	1
371	403	2
372	373	-1
372	404	1
373	374	-2
373	405	2
374	375	-1
374	406	1
375	376	-1
375	407	1
376	377	-2
376	408	-2
377	378	-2
377	409	-2
378	379	1
378	410	1
379	380	-2
379	411	2
380	381	-2
380	412	-1
381	382	1
381	413	-1
382	383	-1
382	414	2
383	415	-1
384	385	-1
384	415	2
384	416	-1
385	386	-1
385	417	1
386	387	-2
386	418	2
387	388	-1
387	419	-1
388	389	1
388	420	1
389	390	-2
389	421	-1
390	391	2
390	422	2
391	392	-1
391	423	-1
392	393	-1
392	424	-2
393	394	1
393	425	1
394	395	2
394	426	2
395	396	-2
395	427	-1
396	397	1
396	428	2
397	398	2
397	429	2
398	399	-1
398	430	1
399	400	2
399	431	1
400	401	1
400	432	2
401	402	-1
401	433	-1
402	403	-1
402	434	1
403	404	-2
403	435	-2
404	405	2
404	436	-2
405	406	1
405	437	-1
406	407	2
406	438	-2
407	408	-1
407	439	1
408	409	-2
408	440	1
409	410	-2
409	441	2
410	411	-1
410	442	-1
411	412	-1
411	443	-1
412	413	1
412	444	2
413	414	2
413	445	-2
414	415	-2
414	446	-1
415	447	-2
416	417	-2
416	447	-2
416	448	-2
417	418	-1
417	449	1
418	419	-1
418	450	2
419	420	-2
419	451	1
420	421	1
420	452	-1
421	422	-1
421	453	1
422	423	1
422	454	1
423	424	1
423	455	1
424	425	-1
424	456	2
425	426	2
425	457	-2
426	427	1
426	458	1
427	428	2
427	459	-1
428	429	-1
428	460	-2
429	430	-1
429	461	2
430	431	1
430	462	2
431	432	2
431	463	-2
432	433	1
432	464	-1
433	434	2
433	465	-2
434	435	-1
434	466	-1
435	436	-2
435	467	-1
436	437	-1
436	468	-1
437	438	1
437	469	1
438	439	1
438	470	-1
439	440	1
439	471	-1
440	441	1
440	472	-1
441	442	-1
441	473	-2
442	443	1
442	474	-1
443	444	-2
443	475	1
444	445	1
444	476	-2
445	446	1
445	477	2
446	447	1
446	478	1
447	479	-2
448	449	-2
448	479	1
448	480	2
449	450	2
449	481	-2
450	451	-2
450	482	2
451	452	-1
451	483	1
452	453	2
452	484	1
453	454	1
453	485	-2
454	455	-2
454	486	1
455	456	-2
455	487	1
456	457	-1
456	488	-1
457	458	1
457	489	-1
458	459	2
458	490	-1
459	460	-1
459	491	2
460	461	1
460	492	1
461	462	1
461	493	-1
462	463	2
462	494	1
463	464	-1
463	495	2
464	465	2
464	496	2
465	466	-1
465	497	-2
466	467	-2
466	498	-2
467	468	1
467	499	1
468	469	2
468	500	-2
469	470	1
469	501	2
470	471	2
470	502	1
471	472	-1
471	503	-2
472	473	1
472	504	1
473	474	2
473	505	1
474	475	-2
474	506	-2
475	476	-1
475	507	1
476	477	1
476	508	1
477	478	-1
477	509	1
478	479	1
478	510	2
479	511	2
480	481	-1
480	511	1
480	512	-2
481	482	-1
481	513	2
482	483	1
482	514	-1
483	484	-1
483	515	-1
484	485	1
484	516	2
485	486	-2
485	517	1
486	487	2
486	518	-1
487	488	1
487	519	2
488	489	1
488	520	-2
489	490	1
489	521	-1
490	491	1
490	522	-1
491	492	1
491	523	-2
492	493	1
492	524	-1
493	494	-1
493	525	2
494	495	-1
494	526	-1
495	496	-2
495	527	-2
496	497	1
496	528	-1
497	498	-1
497	529	1
498	499	-2
498	530	-1
499	500	1
499	531	1
500	501	1
500	532	1
501	502	2
501	533	2
502	503	1
502	534	1
503	504	1
503	535	-2
504	505	-1
504	536	-1
505	506	-2
505	537	1
506	507	-1
506	538	-2
507	508	1
507	539	2
508	509	-2
508	540	-2
509	510	-2
509	541	-2
510	511	-1
510	542	-1
511	543	1
512	513	-1
512	543	2
512	544	1
513	514	-2
513	545	-1
514	515	2
514	546	-2
515	516	-2
515	547	-1
516	517	2
516	548	2
517	518	-1
517	549	-1
518	519	-2
518	550	1
519	520	2
519	551	-2
520	521	2
520	552	-1
521	522	-1
521	553	-2
522	523	2
522	554	-1
523	524	-2
523	555	1
524	525	2
524	556	-2
525	526	-1
525	557	-1
526	527	-2
526	558	-2
527	528	1
527	559	1
528	529	-2
528	560	2
529	530	-1
529	561	-1
530	531	1
530	562	-1
531	532	-1
531	563	1
532	533	2
532	564	2
533	534	-1
533	565	1
534	535	-1
534	566	-2
535	536	-2
535	567	-1
536	537	-2
536	568	2
537	538	-1
537	569	1
538	539	-1
538	570	1
539	540	1
539	571	2
540	541	-2
540	572	1
541	542	2
541	573	2
542	543	-2
542	574	1
543	575	-2
544	545	-1
544	575	-1
544	576	-1
545	546	1
545	577	1
546	547	-2
546	578	-1
547	548	1
547	579	1
548	549	2
548	580	1
549	550	-1
549	581	-2
550	551	-1
550	582	2
551	552	-1
551	583	1
552	553	-2
552	584	-1
553	554	2
553	585	2
554	555	1
554	586	-1
555	556	-1
555	587	1
556	557	-1
556	588	-1
557	558	2
557	589	2
558	559	-2
558	590	2
559	560	1
559	591	2
560	561	-1
560	592	2
561	562	2
561	593	-1
562	563	1
562	594	1
563	564	2
563	595	1
564	565	-1
564	596	1
565	566	-1
565	597	1
566	567	1
566	598	-1
567	568	2
567	599	1
568	569	2
568	600	-1
569	570	1
569	601	1
570	571	2
570	602	-1
571	572	2
571	603	1
572	573	1
572	604	2
573	574	-2
573	605	-2
574	575	-2
574	606	-1
575	607	-1
576	577	2
576	607	1
576	608	-1
577	578	2
577	609	2
578	579	2
578	610	2
579	580	-1
579	611	-1
580	581	1
580	612	-2
581	582	-2
581	613	-2
582	583	-1
582	614	-1
583	584	-1
583	615	-1
584	585	2
584	616	-2
585	586	2
585	617	-1
586	587	-1
586	618	-2
587	588	-1
587	619	1
588	589	2
588	620	-1
589	590	-1
589	621	-2
590	591	1
590	622	2
591	592	-1
591	623	-2
592	593	-1
592	624	-2
593	594	2
593	625	-2
594	595	1
594	626	-1
595	596	-1
595	627	2
596	597	-2
596	628	-1
597	598	-1
597	629	-1
598	599	2
598	630	-2
599	600	2
599	631	-1
600	601	-1
600	632	-1
601	602	1
601	633	-1
602	603	-1
602	634	-1
603	604	-2
603	635	-2
604	605	-2
604	636	-1
605	606	1
605	637	-2
606	607	2
606	638	-2
607	639	2
608	609	1
608	639	1
608	640	1
609	610	1
609	641	-2
610	611	2
610	642	-1
611	612	-1
611	643	1
612	613	-2
612	644	-1
613	614	2
613	645	1
614	615	1
614	646	1
615	616	1
615	647	1
616	617	-1
616	648	-1
617	618	-1
617	649	-1
618	619	-1
618	650	-2
619	620	-1
619	651	1
620	621	-1
620	652	1
621	622	-1
621	653	-1
622	623	2
622	654	2
623	624	1
623	655	-1
624	625	1
624	656	-2
625	626	-1
625	657	-1
626	627	2
626	658	-1
627	628	1
627	659	1
628	629	2
628	660	-1
629	630	-1
629	661	2
630	631	-1
630	662	2
631	632	-1
631	663	-1
632	633	1
632	664	-2
633	634	1
633	665	-1
634	635	2
634	666	-1
635	636	1
635	667	1
636	637	2
636	668	-1
637	638	2
637	669	-2
638	639	1
638	670	2
639	671	-1
640	641	1
640	671	1
640	672	-2
641	642	-2
641	673	1
642	643	2
642	674	1
643	644	-1
643	675	2
644	645	1
644	676	1
645	646	-2
645	677	-1
646	647	-1
646	678	-1
647	648	1
647	679	-2
648	649	-1
648	680	2
649	650	1
649	681	2
650	651	-1
650	682	-1
651	652	1
651	683	-1
652	653	1
652	684	-2
653	654	-1
653	685	2
654	655	-1
654	686	2
655	656	-1
655	687	-2
656	657	-1
656	688	-2
657	658	1
657	689	2
658	659	-2
658	690	-1
659	660	2
659	691	1
660	661	-2
660	692	1
661	662	1
661	693	1
662	663	-1
662	694	1
663	664	2
663	695	-1
664	665	-2
664	696	1
665	666	-1
665	697	-2
666	667	2
666	698	-2
667	668	1
667	699	-1
668	669	2
668	700	-1
669	670	1
669	701	-2
670	671	2
670	702	-1
671	703	-1
672	673	2
672	703	-1
672	704	-1
673	674	2
673	705	1
674	675	-1
674	706	-2
675	676	-2
675	707	-2
676	677	1
676	708	1
677	678	2
677	709	2
678	679	2
678	710	-1
679	680	-2
679	711	-2
680	681	2
680	712	-1
681	682	-2
681	713	-2
682	683	1
682	714	-1
683	684	-2
683	715	-2
684	685	2
684	716	2
685	686	2
685	717	-1
686	687	-1
686	718	-1
687	688	-1
687	719	2
688	689	-2
688	720	2
689	690	2
689	721	1
690	691	-2
690	722	-1
691	692	-2
691	723	-1
692	693	2
692	724	1
693	694	-1
693	725	1
694	695	-1
694	726	1
695	696	1
695	727	-1
696	697	-1
696	728	1
697	698	-1
697	729	-1
698	699	-1
698	730	1
699	700	-1
699	731	1
700	701	-2
700	732	-2
701	702	2
701	733	1
702	703	-2
702	734	-2
703	735	2
704	705	-1
704	735	-2
704	736	-1
705	706	1
705	737	-2
706	707	-1
706	738	-2
707	708	-1
707	739	1
708	709	-2
708	740	2
709	710	2
709	741	-1
710	711	-2
710	742	1
711	712	2
711	743	2
712	713	-2
712	744	-1
713	714	1
713	745	-2
714	715	2
714	746	-1
715	716	-1
715	747	-2
716	717	1
716	748	2
717	718	-2
717	749	-2
718	719	1
718	750	1
719	720	2
719	751	-1
720	721	1
720	752	2
721	722	1
721	753	2
722	723	1
722	754	-2
723	724	-2
723	755	1
724	725	2
724	756	-2
725	726	1
725	757	1
726	727	-2
726	758	-1
727	728	1
727	759	1
728	729	1
728	760	1
729	730	-2
729	761	1
730	731	-1
730	762	1
731	732	-2
731	763	-2
732	733	-1
732	764	-2
733	734	1
733	765	-1
734	735	-1
734	766	2
735	767	2
736	737	1
736	767	-1
736	768	-2
737	738	-2
737	769	-1
738	739	-2
738	770	-2
739	740	1
739	771	2
740	741	-2
740	772	2
741	742	-1
741	773	1
742	743	2
742	774	-1
743	744	-2
743	775	-2
744	745	1
744	776	-1
745	746	1
745	777	-1
746	747	-2
746	778	1
747	748	-2
747	779	-1
748	749	1
748	780	-1
749	750	2
749	781	-2
750	751	1
750	782	-2
751	752	1
751	783	-1
752	753	-1
752	784	-2
753	754	-2
753	785	1
754	755	2
754	786	2
755	756	1
755	787	-2
756	757	1
756	788	1
757	758	1
757	789	1
758	759	-2
758	790	1
759	760	-2
759	791	-2
760	761	-1
760	792	1
761	762	2
761	793	1
762	763	-2
762	794	-1
763	764	-1
763	795	1
764	765	1
764	796	1
765	766	2
765	797	-1
766	767	2
766	798	-1
767	799	-2
768	769	2
768	799	2
768	800	1
769	770	2
769	801	-2
770	771	2
770	802	-2
771	772	-1
771	803	1
772	773	-1
772	804	-1
773	774	-2
773	805	2
774	775	2
774	806	-1
775	776	2
775	807	2
776	777	-1
776	808	-1
777	778	1
777	809	-1
778	779	2
778	810	-1
779	780	2
779	811	-2
780	781	-2
780	812	-2
781	782	-1
781	813	1
782	783	-2
782	814	-1
783	784	-2
783	815	2
784	785	1
784	816	-1
785	786	1
785	817	-2
786	787	-2
786	818	1
787	788	2
787	819	1
788	789	-2
788	820	1
789	790	-1
789	821	-2
790	791	-1
790	822	1
791	792	-1
791	823	-1
792	793	1
792	824	-1
793	794	1
793	825	1
794	795	-2
794	826	-2
795	796	1
795	827	1
796	797	-2
796	828	-1
797	798	-1
797	829	-1
798	799	2
798	830	2
799	831	-2
800	801	2
800	831	1
800	832	-1
801	802	-1
801	833	-1
802	803	2
802	834	-2
803	804	1
803	835	-2
804	805	-2
804	836	-2
805	806	-2
805	837	1
806	807	1
806	838	-2
807	808	1
807	839	2
808	809	2
808	840	2
809	810	1
809	841	-1
810	811	-1
810	842	1
811	812	-1
811	843	-2
812	813	-2
812	844	1
813	814	-2
813	845	2
814	815	-2
814	846	-1
815	816	1
815	847	1
816	817	-2
816	848	-2
817	818	-2
817	849	-1
818	819	2
818	850	1
819	820	1
819	851	2
820	821	-1
820	852	2
821	822	1
821	853	2
822	823	-2
822	854	1
823	824	1
823	855	-1
824	825	1
824	856	1
825	826	-1
825	857	1
826	827	-1
826	858	1
827	828	2
827	859	-2
828	829	2
828	860	-2
829	830	1
829	861	2
830	831	1
830	862	-1
831	863	1
832	833	2
832	863	1
832	864	1
833	834	2
833	865	1
834	835	-1
834	866	-2
835	836	-1
835	867	2
836	837	-1
836	868	2
837	838	-1
837	869	-2
838	839	-2
838	870	2
839	840	-2
839	871	-1
840	841	2
840	872	2
841	842	1
841	873	-1
842	843	2
842	874	1
843	844	-1
843	875	-1
844	845	-1
844	876	1
845	846	-2
845	877	-1
846	847	1
846	878	2
847	848	2
847	879	-2
848	849	-2
848	880	-2
849	850	-1
849	881	1
850	851	-1
850	882	-2
851	852	-1
851	883	1
852	853	-2
852	884	-2
853	854	-2
853	885	2
854	855	-1
854	886	-1
855	856	2
855	887	-1
856	857	-2
856	888	1
857	858	1
857	889	-2
858	859	1
858	890	-1
859	860	-1
859	891	-1
860	861	1
860	892	-2
861	862	1
861	893	-2
862	863	1
862	894	2
863	895	-2
864	865	-2
864	895	2
864	896	2
865	866	2
865	897	1
866	867	-1
866	898	1
867	868	-2
867	899	1
868	869	-2
868	900	-1
869	870	-2
869	901	1
870	871	-2
870	902	2
871	872	-1
871	903	1
872	873	1
872	904	1
873	874	-1
873	905	-2
874	875	2
874	906	-1
875	876	-1
875	907	-2
876	877	-1
876	908	-1
877	878	1
877	909	1
878	879	1
878	910	1
879	880	-1
879	911	1
880	881	-1
880	912	-2
881	882	-1
881	913	-2
882	883	-2
882	914	-2
883	884	2
883	915	1
884	885	-1
884	916	-1
885	886	1
885	917	1
886	887	1
886	918	-2
887	888	1
887	919	2
888	889	-1
888	920	-2
889	890	-1
889	921	-2
890	891	-1
890	922	2
891	892	2
891	923	1
892	893	-2
892	924	1
893	894	-2
893	925	2
894	895	2
894	926	2
895	927	-1
896	897	-2
896	927	2
896	928	-2
897	898	-2
897	929	2
898	899	1
898	930	-2
899	900	-2
899	931	2
900	901	-1
900	932	-1
901	902	2
901	933	-1
902	903	2
902	934	2
903	904	2
903	935	-1
904	905	-1
904	936	1
905	906	2
905	937	2
906	907	-1
906	938	1
907	908	2
907	939	-2
908	909	2
908	940	-2
909	910	-1
909	941	-1
910	911	1
910	942	-2
911	912	-2
911	943	2
912	913	1
912	944	2
913	914	2
913	945	-2
914	915	-2
914	946	-1
915	916	2
915	947	1
916	917	-2
916	948	2
917	918	1
917	949	2
918	919	-1
918	950	-1
919	920	1
919	951	1
920	921	-2
920	952	2
921	922	-1
921	953	-1
922	923	1
922	954	2
923	924	-2
923	955	1
924	925	-1
924	956	1
925	926	1
925	957	-1
926	927	1
926	958	-1
927	959	-2
928	929	-1
928	959	2
928	960	-2
929	930	1
929	961	-1
930	931	2
930	962	1
931	932	-1
931	963	-1
932	933	2
932	964	1
933	934	-1
933	965	-1
934	935	1
934	966	1
935	936	-1
935	967	2
936	937	2
936	968	-2
937	938	-1
937	969	1
938	939	-2
938	970	-1
939	940	2
939	971	1
940	941	-2
940	972	-2
941	942	-1
941	973	-1
942	943	1
942	974	-2
943	944	1
943	975	2
944	945	1
944	976	2
945	946	-1
945	977	-1
946	947	-2
946	978	-2
947	948	-1
947	979	-2
948	949	1
948	980	1
949	950	-2
949	981	-1
950	951	-1
950	982	2
951	952	-1
951	983	-2
952	953	-1
952	984	1
953	954	-1
953	985	1
954	955	-2
954	986	2
955	956	-2
955	987	-1
956	957	-1
956	988	2
957	958	1
957	989	1
958	959	-2
958	990	-1
959	991	-1
960	961	-1
960	991	-1
960	992	-1
961	962	1
961	993	1
962	963	-2
962	994	2
963	964	-1
963	995	-1
964	965	-1
964	996	1
965	966	-1
965	997	-1
966	967	1
966	998	1
967	968	-2
967	999	-1
968	969	-1
968	1000	-1
969	970	-1
969	1001	-1
970	971	2
970	1002	-1
971	972	2
971	1003	2
972	973	2
972	1004	-2
973	974	2
973	1005	1
974	975	-2
974	1006	-1
975	976	-1
975	1007	-1
976	977	-2
976	1008	-2
977	978	2
977	1009	-1
978	979	-2
978	1010	2
979	980	-2
979	1011	1
980	981	1
980	1012	2
981	982	-2
981	1013	-1
982	983	-1
982	1014	1
983	984	-2
983	1015	2
984	985	-1
984	1016	-1
985	986	2
985	1017	2
986	987	1
986	1018	1
987	988	-1
987	1019	-2
988	989	-1
988	1020	-1
989	990	1
989	1021	-1
990	991	-2
990	1022	-1
991	1023	1
992	993	-1
992	1023	1
993	994	2
994	995	-2
995	996	-2
996	997	-2
997	998	-1
998	999	1
999	1000	2
1000	1001	1
1001	1002	-1
1002	1003	1
1003	1004	-1
1004	1005	1
1005	1006	-1
1006	1007	2
1007	1008	1
1008	1009	2
1009	1010	1
1010	1011	2
1011	1012	1
1012	1013	2
1013	1014	1
1014	1015	2
1015	1016	1
1016	1017	-1
1017	1018	-1
1018	1019	2
1019	1020	1
1020	1021	1
1021	1022	1
1022	1023	-2
