0	1	-2
0	31	-2
0	32	-1
0	992	-1
1	2	1
1	33	-2
1	993	2
2	3	2
2	34	1
2	994	2
3	4	2
3	35	2
3	995	-1
4	5	2
4	36	-2
4	996	1
5	6	-1
5	37	1
5	997	1
6	7	-1
6	38	-1
6	998	2
7	8	2
7	39	-1
7	999	-1
8	9	1
8	40	1
8	1000	-2
9	10	-1
9	41	1
9	1001	2
10	11	2
10	42	1
10	1002	1
11	12	-1
11	43	2
11	1003	1
12	13	-1
12	44	-1
12	1004	-1
13	14	-1
13	45	2
13	1005	1
14	15	1
14	46	1
14	1006	1
15	16	-2
15	47	2
15	1007	-2
16	17	-1
16	48	-1
16	1008	1
17	18	-2
17	49	2
17	1009	-2
18	19	-2
18	50	2
18	1010	2
19	20	-2
19	51	-1
19	1011	-2
20	21	1
20	52	-2
20	1012	1
21	22	1
21	53	1
21	1013	-1
22	23	1
22	54	-1
22	1014	1
23	24	2
23	55	1
23	1015	-1
24	25	-2
24	56	1
24	1016	-2
25	26	-2
25	57	-2
25	1017	-1
26	27	-1
26	58	-2
26	1018	2
27	28	-2
27	59	-2
27	1019	1
28	29	-1
28	60	-2
28	1020	2
29	30	-2
29	61	1
29	1021	-2
30	31	-1
30	62	-2
30	1022	-1
31	63	-2
31	1023	1
32	33	1
32	63	1
32	64	2
33	34	2
33	65	-2
34	35	-1
34	66	-1
35	36	-2
35	67	-1
36	37	1
36	68	-2
37	38	-2
37	69	-2
38	39	1
38	70	1
39	40	2
39	71	-1
40	41	-1
40	72	1
41	42	1
41	73	1
42	43	-2
42	74	-1
43	44	-1
43	75	-1
44	45	-2
44	76	1
45	46	-2
45	77	-2
46	47	-2
46	78	-1
47	48	-2
47	79	2
48	49	-2
48	80	-1
49	50	-2
49	81	-1
50	51	-1
50	82	-1
51	52	1
51	83	-2
52	53	2
52	84	1
53	54	1
53	85	1
54	55	1
54	86	-1
55	56	1
55	87	-2
56	57	-2
56	88	1
57	58	1
57	89	2
58	59	2
58	90	-2
59	60	-2
59	91	-1
60	61	-2
60	92	1
61	62	-1
61	93	-2
62	63	1
62	94	-2
63	95	2
64	65	-1
64	95	-2
64	96	1
65	66	-1
65	97	2
66	67	-1
66	98	1
67	68	1
67	99	1
68	69	2
68	100	2
69	70	-2
69	101	-2
70	71	1
70	102	1
71	72	2
71	103	1
72	73	-2
72	104	-1
73	74	1
73	105	2
74	75	-2
74	106	-1
75	76	-1
75	107	1
76	77	-1
76	108	1
77	78	1
77	109	1
78	79	1
78	110	1
79	80	-2
79	111	-2
80	81	-1
80	112	-2
81	82	1
81	113	1
82	83	-2
82	114	1
83	84	2
83	115	-2
84	85	-2
84	116	-2
85	86	1
85	117	1
86	87	2
86	118	-1
87	88	2
87	119	2
88	89	1
88	120	2
89	90	1
89	121	-1
90	91	2
90	122	-2
91	92	-2
91	123	-1
92	93	1
92	124	2
93	94	1
93	125	1
94	95	-2
94	126	2
95	127	2
96	97	2
96	127	-2
96	128	1
97	98	1
97	129	1
98	99	1
98	130	-1
99	100	-1
99	131	-2
100	101	1
100	132	-2
101	102	-1
101	133	1
102	103	-1
102	134	1
103	104	1
103	135	1
104	105	-2
104	136	-1
105	106	1
105	137	-1
106	107	-2
106	138	2
107	108	1
107	139	2
108	109	1
108	140	1
109	110	1
109	141	2
110	111	2
110	142	-2
111	112	-2
111	143	-1
112	113	-2
112	144	-1
113	114	2
113	145	1
114	115	-2
114	146	1
115	116	2
115	147	-1
116	117	-1
116	148	2
117	118	2
117	149	-1
118	119	2
118	150	2
119	120	2
119	151	2
120	121	2
120	152	-1
121	122	2
121	153	-2
122	123	-2
122	154	1
123	124	-2
123	155	1
124	125	-2
124	156	2
125	126	1
125	157	-2
126	127	1
126	158	-2
127	159	-1
128	129	2
128	159	-2
128	160	-2
129	130	1
129	161	1
130	131	1
130	162	1
131	132	1
131	163	2
132	133	2
132	164	2
133	134	1
133	165	-2
134	135	1
134	166	-2
135	136	1
135	167	-2
136	137	1
136	168	1
137	138	2
137	169	1
138	139	-2
138	170	-1
139	140	-2
139	171	-2
140	141	2
140	172	2
141	142	1
141	173	-1
142	143	1
142	174	1
143	144	2
143	175	2
144	145	1
144	176	-1
145	146	-2
145	177	2
146	147	1
146	178	2
147	148	1
147	179	-1
148	149	-2
148	180	-1
149	150	1
149	181	-2
150	151	-1
150	182	1
151	152	1
151	183	1
152	153	-1
152	184	1
153	154	1
153	185	1
154	155	-2
154	186	-2
155	156	1
155	187	-2
156	157	-1
156	188	-2
157	158	-1
157	189	-1
158	159	-1
158	190	1
159	191	1
160	161	1
160	191	-1
160	192	1
161	162	-1
161	193	1
162	163	-1
162	194	1
163	164	2
163	195	-2
164	165	1
164	196	1
165	166	-1
165	197	-1
166	167	-1
166	198	-1
167	168	-2
167	199	-1
168	169	-1
168	200	1
169	170	-2
169	201	-1
170	171	1
170	202	-1
171	172	2
171	203	1
172	173	1
172	204	2
173	174	-2
173	205	-1
174	175	-2
174	206	-2
175	176	-2
175	207	2
176	177	2
176	208	1
177	178	-2
177	209	-1
178	179	2
178	210	1
179	180	-2
179	211	-1
180	181	1
180	212	-2
181	182	1
181	213	1
182	183	1
182	214	2
183	184	2
183	215	-1
184	185	1
184	216	-2
185	186	-1
185	217	-2
186	187	1
186	218	-2
187	188	2
187	219	2
188	189	2
188	220	-1
189	190	2
189	221	2
190	191	1
190	222	-1
191	223	-2
192	193	-1
192	223	-2
192	224	-1
193	194	1
193	225	1
194	195	2
194	226	-2
195	196	1
195	227	2
196	197	-1
196	228	-2
197	198	1
197	229	1
198	199	-2
198	230	-2
199	200	-2
199	231	-1
200	201	1
200	232	1
201	202	1
201	233	-1
202	203	2
202	234	1
203	204	-2
203	235	1
204	205	1
204	236	1
205	206	2
205	237	-2
206	207	-1
206	238	-2
207	208	1
207	239	1
208	209	2
208	240	2
209	210	-1
209	241	-1
210	211	-2
210	242	1
211	212	1
211	243	-2
212	213	-1
212	244	-1
213	214	-1
213	245	1
214	215	2
214	246	1
215	216	-1
215	247	1
216	217	2
216	248	2
217	218	2
217	249	-1
218	219	-1
218	250	2
219	220	1
219	251	-2
220	221	1
220	252	1
221	222	1
221	253	1
222	223	2
222	254	1
223	255	1
224	225	-1
224	255	-1
224	256	-2
225	226	2
225	257	-1
226	227	1
226	258	-2
227	228	2
227	259	1
228	229	-2
228	260	-2
229	230	1
229	261	-2
230	231	2
230	262	1
231	232	1
231	263	2
232	233	1
232	264	-2
233	234	-1
233	265	1
234	235	-2
234	266	-1
235	236	2
235	267	2
236	237	2
236	268	-1
237	238	2
237	269	-2
238	239	-2
238	270	2
239	240	1
239	271	1
240	241	1
240	272	1
241	242	1
241	273	1
242	243	-2
242	274	-1
243	244	2
243	275	1
244	245	-1
244	276	2
245	246	2
245	277	-1
246	247	-1
246	278	-2
247	248	2
247	279	-1
248	249	2
248	280	2
249	250	2
249	281	1
250	251	-2
250	282	2
251	252	-1
251	283	1
252	253	-1
252	284	-1
253	254	-1
253	285	-2
254	255	-2
254	286	-2
255	287	-2
256	257	2
256	287	1
256	288	-1
257	258	-2
257	289	1
258	259	2
258	290	-2
259	260	1
259	291	-1
260	261	-2
260	292	-2
261	262	2
261	293	-1
262	263	1
262	294	2
263	264	1
263	295	-1
264	265	-1
264	296	1
265	266	-1
265	297	1
266	267	2
266	298	-2
267	268	1
267	299	-2
268	269	-1
268	300	1
269	270	1
269	301	1
270	271	-2
270	302	1
271	272	-1
271	303	2
272	273	-1
272	304	-1
273	274	2
273	305	1
274	275	-1
274	306	1
275	276	-2
275	307	-1
276	277	-2
276	308	1
277	278	-1
277	309	1
278	279	1
278	310	-1
279	280	1
279	311	-1
280	281	1
280	312	1
281	282	-2
281	313	-2
282	283	1
282	314	1
283	284	-1
283	315	1
284	285	-2
284	316	1
285	286	1
285	317	2
286	287	-2
286	318	2
287	319	2
288	289	1
288	319	2
288	320	1
289	290	1
289	321	2
290	291	-1
290	322	-2
291	292	1
291	323	1
292	293	1
292	324	-1
293	294	-2
293	325	1
294	295	1
294	326	2
295	296	-1
295	327	2
296	297	1
296	328	-2
297	298	2
297	329	-1
298	299	-1
298	330	1
299	300	1
299	331	2
300	301	1
300	332	-2
301	302	1
301	333	-2
302	303	1
302	334	2
303	304	-1
303	335	1
304	305	-1
304	336	2
305	306	-1
305	337	-1
306	307	-1
306	338	1
307	308	1
307	339	-1
308	309	1
308	340	-1
309	310	1
309	341	-1
310	311	-1
310	342	-2
311	312	2
311	343	1
312	313	2
312	344	1
313	314	-2
313	345	-1
314	315	-1
314	346	2
315	316	1
315	347	2
316	317	1
316	348	2
317	318	-1
317	349	-1
318	319	1
318	350	-1
319	351	-1
320	321	-1
320	351	2
320	352	-2
321	322	2
321	353	-2
322	323	2
322	354	2
323	324	1
323	355	-2
324	325	1
324	356	1
325	326	2
325	357	1
326	327	1
326	358	-2
327	328	-2
327	359	1
328	329	-2
328	360	-1
329	330	1
329	361	2
330	331	1
330	362	1
331	332	2
331	363	-1
332	333	2
332	364	-2
333	334	1
333	365	-1
334	335	1
334	366	-2
335	336	1
335	367	2
336	337	1
336	368	1
337	338	-2
337	369	2
338	339	-2
338	370	2
339	340	-1
339	371	-1
340	341	1
340	372	2
341	342	-2
341	373	-2
342	343	-2
342	374	1
343	344	-2
343	375	-1
344	345	1
344	376	-2
345	346	-1
345	377	2
346	347	-2
346	378	2
347	348	-2
347	379	1
348	349	1
348	380	-1
349	350	1
349	381	1
350	351	-2
350	382	-1
351	383	2
352	353	1
352	383	-2
352	384	-2
353	354	-1
353	385	-1
354	355	1
354	386	-1
355	356	-2
355	387	1
356	357	-1
356	388	-2
357	358	2
357	389	-2
358	359	2
358	390	1
359	360	-2
359	391	2
360	361	-1
360	392	-1
361	362	-1
361	393	-1
362	363	1
362	394	1
363	364	-1
363	395	2
364	365	-1
364	396	2
365	366	1
365	397	-2
366	367	1
366	398	2
367	368	1
367	399	-2
368	369	-2
368	400	1
369	370	1
369	401	2
370	371	-1
370	402	-1
371	372	1
371	403	-1
372	373	1
372	404	-2
373	374	1
373	405	-2
374	375	-2
374	406	-2
375	376	-1
375	407	1
376	377	1
376	408	-2
377	378	-2
377	409	2
378	379	1
378	410	-1
379	380	-1
379	411	-1
380	381	1
380	412	-2
381	382	-1
381	413	2
382	383	-1
382	414	-2
383	415	-2
384	385	1
384	415	1
384	416	-1
385	386	1
385	417	-1
386	387	-2
386	418	-2
387	388	-1
387	419	-2
388	389	-1
388	420	-1
389	390	1
389	421	-1
390	391	1
390	422	-1
391	392	-2
391	423	-1
392	393	-2
392	424	1
393	394	-1
393	425	-2
394	395	-1
394	426	2
395	396	1
395	427	-1
396	397	2
396	428	-1
397	398	1
397	429	-1
398	399	-2
398	430	-2
399	400	2
399	431	-1
400	401	-2
400	432	-1
401	402	1
401	433	-1
402	403	-2
402	434	1
403	404	-1
403	435	-2
404	405	1
404	436	2
405	406	-2
405	437	1
406	407	1
406	438	1
407	408	-1
407	439	-1
408	409	2
408	440	-1
409	410	-1
409	441	-1
410	411	2
410	442	2
411	412	1
411	443	2
412	413	-1
412	444	-1
413	414	-2
413	445	-1
414	415	-1
414	446	-2
415	447	-2
416	417	-1
416	447	-2
416	448	1
417	418	-2
417	449	-2
418	419	1
418	450	-2
419	420	-1
419	451	2
420	421	1
420	452	1
421	422	2
421	453	2
422	423	-1
422	454	1
423	424	-2
423	455	-1
424	425	-2
424	456	1
425	426	1
425	457	1
426	427	-2
426	458	-2
427	428	1
427	459	-2
428	429	-1
428	460	1
429	430	2
429	461	-1
430	431	2
430	462	-2
431	432	-2
431	463	1
432	433	2
432	464	2
433	434	-1
433	465	1
434	435	-1
434	466	1
435	436	2
435	467	1
436	437	-2
436	468	1
437	438	-1
437	469	1
438	439	2
438	470	-1
439	440	2
439	471	1
440	441	-2
440	472	-2
441	442	1
441	473	-2
442	443	-1
442	474	2
443	444	1
443	475	1
444	445	1
444	476	-2
445	446	-1
445	477	-2
446	447	1
446	478	1
447	479	-2
448	449	-2
448	479	-1
448	480	-1
449	450	1
449	481	1
450	451	-1
450	482	1
451	452	2
451	483	2
452	453	1
452	484	1
453	454	-1
453	485	-2
454	455	2
454	486	-2
455	456	-2
455	487	1
456	457	1
456	488	-2
457	458	2
457	489	1
458	459	-2
458	490	-2
459	460	2
459	491	2
460	461	2
460	492	1
461	462	-2
461	493	-2
462	463	-2
462	494	2
463	464	1
463	495	2
464	465	2
464	496	2
465	466	1
465	497	-2
466	467	2
466	498	-2
467	468	-2
467	499	-2
468	469	2
468	500	-1
469	470	-1
469	501	2
470	471	-1
470	502	1
471	472	1
471	503	2
472	473	-2
472	504	1
473	474	1
473	505	2
474	475	-2
474	506	1
475	476	2
475	507	-2
476	477	-1
476	508	-2
477	478	-2
477	509	-2
478	479	-1
478	510	-2
479	511	-1
480	481	-1
480	511	-1
480	512	2
481	482	1
481	513	-2
482	483	2
482	514	-2
483	484	1
483	515	-1
484	485	2
484	516	-2
485	486	1
485	517	-1
486	487	1
486	518	1
487	488	-2
487	519	2
488	489	2
488	520	-1
489	490	2
489	521	-1
490	491	-1
490	522	1
491	492	-1
491	523	-2
492	493	2
492	524	1
493	494	-1
493	525	1
494	495	1
494	526	-2
495	496	1
495	527	-2
496	497	1
496	528	1
497	498	1
497	529	-2
498	499	-1
498	530	2
499	500	1
499	531	-1
500	501	2
500	532	2
501	502	-1
501	533	1
502	503	2
502	534	-2
503	504	-2
503	535	-2
504	505	2
504	536	2
505	506	-1
505	537	2
506	507	-1
506	538	-2
507	508	2
507	539	1
508	509	1
508	540	1
509	510	1
509	541	1
510	511	2
510	542	-2
511	543	1
512	513	-1
512	543	1
512	544	-1
513	514	-1
513	545	2
514	515	2
514	546	-2
515	516	-2
515	547	-1
516	517	-1
516	548	1
517	518	1
517	549	2
518	519	-1
518	550	-2
519	520	-1
519	551	-2
520	521	1
520	552	-2
521	522	2
521	553	-2
522	523	2
522	554	-1
523	524	-1
523	555	1
524	525	-2
524	556	2
525	526	-2
525	557	-2
526	527	1
526	558	1
527	528	1
527	559	1
528	529	1
528	560	1
529	530	1
529	561	2
530	531	1
530	562	-2
531	532	2
531	563	-2
532	533	1
532	564	1
533	534	-2
533	565	-2
534	535	2
534	566	-2
535	536	-1
535	567	-1
536	537	2
536	568	-1
537	538	-1
537	569	1
538	539	2
538	570	1
539	540	-2
539	571	2
540	541	-2
540	572	1
541	542	2
541	573	2
542	543	-1
542	574	-1
543	575	-1
544	545	-2
544	575	-1
544	576	2
545	546	-1
545	577	1
546	547	-1
546	578	1
547	548	1
547	579	-1
548	549	1
548	580	-2
549	550	1
549	581	1
550	551	1
550	582	-1
551	552	1
551	583	1
552	553	-1
552	584	-2
553	554	2
553	585	-1
554	555	2
554	586	-1
555	556	2
555	587	-1
556	557	-1
556	588	1
557	558	2
557	589	-2
558	559	-1
558	590	-1
559	560	-1
559	591	1
560	561	-1
560	592	2
561	562	1
561	593	2
562	563	-1
562	594	-1
563	564	-1
563	595	1
564	565	1
564	596	1
565	566	1
565	597	2
566	567	-1
566	598	-2
567	568	-2
567	599	-2
568	569	2
568	600	2
569	570	2
569	601	2
570	571	-1
570	602	-1
571	572	1
571	603	1
572	573	2
572	604	-1
573	574	-1
573	605	-1
574	575	1
574	606	-1
575	607	-2
576	577	-1
576	607	-1
576	608	-2
577	578	1
577	609	1
578	579	-1
578	610	2
579	580	-2
579	611	2
580	581	-2
580	612	-2
581	582	1
581	613	-1
582	583	-1
582	614	-2
583	584	2
583	615	1
584	585	-1
584	616	2
585	586	-2
585	617	2
586	587	-2
586	618	2
587	588	1
587	619	-1
588	589	2
588	620	1
589	590	-2
589	621	-1
590	591	2
590	622	-1
591	592	2
591	623	2
592	593	-2
592	624	2
593	594	2
593	625	-1
594	595	-1
594	626	1
595	596	1
595	627	-1
596	597	-1
596	628	-1
597	598	1
597	629	1
598	599	2
598	630	-2
599	600	-1
599	631	1
600	601	1
600	632	-2
601	602	1
601	633	1
602	603	-2
602	634	1
603	604	1
603	635	1
604	605	1
604	636	1
605	606	1
605	637	-2
606	607	2
606	638	-1
607	639	2
608	609	-2
608	639	1
608	640	1
609	610	1
609	641	2
610	611	2
610	642	-1
611	612	2
611	643	1
612	613	1
612	644	2
613	614	1
613	645	2
614	615	-2
614	646	1
615	616	1
615	647	-2
616	617	1
616	648	-2
617	618	-1
617	649	-2
618	619	-1
618	650	2
619	620	1
619	651	1
620	621	2
620	652	2
621	622	-1
621	653	1
622	623	1
622	654	-2
623	624	1
623	655	-1
624	625	-2
624	656	1
625	626	1
625	657	-2
626	627	-1
626	658	2
627	628	1
627	659	1
628	629	-2
628	660	-2
629	630	1
629	661	1
630	631	2
630	662	-2
631	632	1
631	663	-1
632	633	2
632	664	1
633	634	-2
633	665	2
634	635	1
634	666	2
635	636	1
635	667	-2
636	637	2
636	668	-2
637	638	2
637	669	-2
638	639	2
638	670	-1
639	671	2
640	641	1
640	671	-2
640	672	1
641	642	2
641	673	1
642	643	1
642	674	-2
643	644	-1
643	675	-2
644	645	1
644	676	-1
645	646	-1
645	677	-1
646	647	-1
646	678	-1
647	648	-1
647	679	-1
648	649	2
648	680	-2
649	650	-1
649	681	1
650	651	2
650	682	1
651	652	-2
651	683	-1
652	653	1
652	684	-1
653	654	-2
653	685	2
654	655	1
654	686	2
655	656	1
655	687	2
656	657	-1
656	688	-2
657	658	1
657	689	-2
658	659	1
658	690	-1
659	660	2
659	691	2
660	661	-2
660	692	-2
661	662	1
661	693	-2
662	663	-2
662	694	-2
663	664	1
663	695	-2
664	665	1
664	696	-2
665	666	1
665	697	2
666	667	-2
666	698	-1
667	668	-2
667	699	-2
668	669	1
668	700	2
669	670	-1
669	701	-2
670	671	1
670	702	-1
671	703	1
672	673	-1
672	703	1
672	704	-2
673	674	-2
673	705	-1
674	675	-1
674	706	2
675	676	1
675	707	-1
676	677	-1
676	708	2
677	678	-1
677	709	-1
678	679	1
678	710	1
679	680	-1
679	711	-1
680	681	1
680	712	-1
681	682	2
681	713	-1
682	683	2
682	714	2
683	684	1
683	715	-1
684	685	1
684	716	2
685	686	-1
685	717	-1
686	687	-1
686	718	1
687	688	2
687	719	1
688	689	2
688	720	1
689	690	1
689	721	2
690	691	2
690	722	-2
691	692	1
691	723	-2
692	693	1
692	724	-2
693	694	1
693	725	1
694	695	1
694	726	1
695	696	2
695	727	-2
696	697	1
696	728	1
697	698	-2
697	729	2
698	699	2
698	730	1
699	700	2
699	731	1
700	701	1
700	732	2
701	702	-1
701	733	2
702	703	1
702	734	2
703	735	2
704	705	2
704	735	1
704	736	-1
705	706	-1
705	737	-2
706	707	2
706	738	2
707	708	2
707	739	1
708	709	-1
708	740	2
709	710	-2
709	741	2
710	711	1
710	742	-2
711	712	2
711	743	2
712	713	-2
712	744	-1
713	714	2
713	745	-2
714	715	-1
714	746	2
715	716	2
715	747	2
716	717	-2
716	748	1
717	718	-1
717	749	2
718	719	-1
718	750	-1
719	720	-2
719	751	-1
720	721	2
720	752	-1
721	722	2
721	753	-1
722	723	1
722	754	1
723	724	-2
723	755	1
724	725	-2
724	756	2
725	726	-1
725	757	-1
726	727	1
726	758	1
727	728	2
727	759	2
728	729	1
728	760	2
729	730	1
729	761	-2
730	731	2
730	762	-1
731	732	-1
731	763	1
732	733	-2
732	764	2
733	734	1
733	765	-1
734	735	2
734	766	-1
735	767	-2
736	737	-1
736	767	-1
736	768	1
737	738	2
737	769	-1
738	739	-1
738	770	1
739	740	-1
739	771	-2
740	741	2
740	772	1
741	742	2
741	773	-1
742	743	1
742	774	2
743	744	2
743	775	2
744	745	2
744	776	-2
745	746	1
745	777	-2
746	747	2
746	778	-1
747	748	1
747	779	-1
748	749	1
748	780	1
749	750	-1
749	781	-2
750	751	1
750	782	1
751	752	-2
751	783	1
752	753	-1
752	784	-1
753	754	-2
753	785	2
754	755	-1
754	786	-1
755	756	1
755	787	2
756	757	-1
756	788	-2
757	758	-1
757	789	-2
758	759	-1
758	790	-2
759	760	2
759	791	1
760	761	1
760	792	-2
761	762	-1
761	793	-1
762	763	1
762	794	1
763	764	1
763	795	-2
764	765	-1
764	796	-2
765	766	1
765	797	-2
766	767	-2
766	798	-1
767	799	2
768	769	-1
768	799	2
768	800	-1
769	770	1
769	801	1
770	771	-1
770	802	2
771	772	-2
771	803	1
772	773	-1
772	804	2
773	774	1
773	805	1
774	775	2
774	806	-1
775	776	1
775	807	-2
776	777	2
776	808	1
777	778	-2
777	809	-2
778	779	2
778	810	-1
779	780	1
779	811	1
780	781	-2
780	812	2
781	782	-1
781	813	1
782	783	-1
782	814	-1
783	784	-2
783	815	1
784	785	-2
784	816	-1
785	786	-2
785	817	2
786	787	1
786	818	1
787	788	1
787	819	1
788	789	1
788	820	-1
789	790	1
789	821	1
790	791	-2
790	822	-1
791	792	1
791	823	-2
792	793	-1
792	824	-1
793	794	-1
793	825	1
794	795	1
794	826	-1
795	796	-1
795	827	-1
796	797	1
796	828	1
797	798	-2
797	829	-2
798	799	-2
798	830	1
799	831	-2
800	801	-1
800	831	-1
800	832	-1
801	802	2
801	833	1
802	803	1
802	834	-1
803	804	-1
803	835	1
804	805	2
804	836	-2
805	806	1
805	837	2
806	807	-1
806	838	2
807	808	-1
807	839	-1
808	809	2
808	840	-1
809	810	2
809	841	2
810	811	1
810	842	1
811	812	-1
811	843	-2
812	813	1
812	844	-2
813	814	2
813	845	1
814	815	-1
814	846	-2
815	816	1
815	847	1
816	817	-1
816	848	-1
817	818	2
817	849	-1
818	819	-1
818	850	1
819	820	1
819	851	1
820	821	2
820	852	1
821	822	1
821	853	-1
822	823	1
822	854	-1
823	824	-1
823	855	-2
824	825	-1
824	856	-2
825	826	1
825	857	2
826	827	-1
826	858	-1
827	828	1
827	859	2
828	829	2
828	860	1
829	830	1
829	861	-2
830	831	-1
830	862	2
831	863	-2
832	833	1
832	863	2
832	864	2
833	834	1
833	865	-2
834	835	-1
834	866	-1
835	836	-2
835	867	-1
836	837	-1
836	868	-1
837	838	-1
837	869	-1
838	839	-2
838	870	-2
839	840	1
839	871	1
840	841	2
840	872	2
841	842	-1
841	873	-2
842	843	-1
842	874	1
843	844	1
843	875	1
844	845	-1
844	876	-1
845	846	1
845	877	1
846	847	-2
846	878	-1
847	848	1
847	879	1
848	849	-2
848	880	2
849	850	2
849	881	-1
850	851	-2
850	882	-1
851	852	-1
851	883	-2
852	853	1
852	884	2
853	854	-1
853	885	-2
854	855	-1
854	886	1
855	856	1
855	887	1
856	857	2
856	888	1
857	858	2
857	889	2
858	859	-1
858	890	-1
859	860	-2
859	891	1
860	861	2
860	892	1
861	862	1
861	893	2
862	863	2
862	894	1
863	895	-2
864	865	1
864	895	-1
864	896	-1
865	866	1
865	897	2
866	867	1
866	898	-2
867	868	1
867	899	-2
868	869	1
868	900	-1
869	870	-1
869	901	1
870	871	-1
870	902	-1
871	872	1
871	903	-1
872	873	1
872	904	-2
873	874	1
873	905	2
874	875	1
874	906	2
875	876	-1
875	907	2
876	877	-1
876	908	1
877	878	2
877	909	-2
878	879	-2
878	910	1
879	880	-2
879	911	-1
880	881	-2
880	912	2
881	882	-2
881	913	-1
882	883	1
882	914	-2
883	884	-1
883	915	1
884	885	1
884	916	-2
885	886	-1
885	917	1
886	887	1
886	918	-1
887	888	1
887	919	2
888	889	-2
888	920	-2
889	890	2
889	921	2
890	891	-1
890	922	-1
891	892	2
891	923	-1
892	893	-2
892	924	1
893	894	-1
893	925	-1
894	895	1
894	926	-1
895	927	-1
896	897	-1
896	927	2
896	928	1
897	898	2
897	929	1
898	899	1
898	930	-1
899	900	-2
899	931	2
900	901	1
900	932	1
901	902	-1
901	933	1
902	903	-1
902	934	1
903	904	-2
903	935	-1
904	905	2
904	936	2
905	906	-1
905	937	-1
906	907	2
906	938	-2
907	908	2
907	939	-1
908	909	2
908	940	-1
909	910	1
909	941	2
910	911	-2
910	942	-1
911	912	-1
911	943	1
912	913	-1
912	944	1
913	914	2
913	945	-1
914	915	-1
914	946	-2
915	916	-2
915	947	-1
916	917	1
916	948	-1
917	918	-1
917	949	1
918	919	1
918	950	2
919	920	1
919	951	2
920	921	2
920	952	1
921	922	1
921	953	-1
922	923	-2
922	954	-2
923	924	2
923	955	2
924	925	1
924	956	1
925	926	1
925	957	-1
926	927	-1
926	958	2
927	959	-1
928	929	1
928	959	2
928	960	-1
929	930	-1
929	961	-2
930	931	2
930	962	2
931	932	1
931	963	1
932	933	-1
932	964	-1
933	934	1
933	965	1
934	935	-1
934	966	-1
935	936	2
935	967	-1
936	937	2
936	968	1
937	938	-1
937	969	1
938	939	-1
938	970	2
939	940	2
939	971	-2
940	941	2
940	972	1
941	942	2
941	973	2
942	943	-2
942	974	-1
943	944	1
943	975	2
944	945	-1
944	976	1
945	946	-1
945	977	-1
946	947	2
946	978	-1
947	948	1
947	979	-1
948	949	1
948	980	-1
949	950	-2
949	981	1
950	951	-1
950	982	2
951	952	-2
951	983	-2
952	953	2
952	984	1
953	954	2
953	985	2
954	955	-1
954	986	1
955	956	-1
955	987	-2
956	957	1
956	988	2
957	958	-1
957	989	-1
958	959	-2
958	990	-1
959	991	1
960	961	2
960	991	2
960	992	-2
961	962	-1
961	993	-1
962	963	-1
962	994	-2
963	964	1
963	995	2
964	965	1
964	996	2
965	966	1
965	997	-2
966	967	2
966	998	-1
967	968	2
967	999	2
968	969	-1
968	1000	1
969	970	2
969	1001	-1
970	971	2
970	1002	1
971	972	1
971	1003	-2
972	973	-1
972	1004	-2
973	974	1
973	1005	1
974	975	2
974	1006	-2
975	976	-2
975	1007	-1
976	977	2
976	1008	2
977	978	1
977	1009	1
978	979	1
978	1010	-2
979	980	-2
979	1011	1
980	981	-2
980	1012	2
981	982	2
981	1013	1
982	983	-1
982	1014	2
983	984	-2
983	1015	-1
984	985	1
984	1016	1
985	986	-2
985	1017	1
986	987	2
986	1018	-1
987	988	-2
987	1019	2
988	989	-1
988	1020	-1
989	990	2
989	1021	-1
990	991	2
990	1022	2
991	1023	2
992	993	-2
992	1023	-2
993	994	-1
994	995	-2
995	996	2
996	997	1
997	998	2
998	999	1
999	1000	-2
1000	1001	-2
1001	1002	2
1002	1003	1
1003	1004	-2
1004	1005	-2
1005	1006	2
1006	1007	-2
1007	1008	-2
1008	1009	-2
1009	1010	-1
1010	1011	1
1011	1012	-1
1012	1013	1
1013	1014	1
1014	1015	-2
1015	1016	-1
1016	1017	-1
1017	1018	-1
1018	1019	1
1019	1020	2
1020	1021	1
1021	1022	1
1022	1023	-1
