0	1	-1
0	19	-1
0	20	-1
0	380	-1
1	2	2
1	21	1
1	381	1
2	3	-1
2	22	-1
2	382	-2
3	4	-1
3	23	2
3	383	2
4	5	2
4	24	1
4	384	-1
5	6	-2
5	25	2
5	385	2
6	7	2
6	26	-1
6	386	-1
7	8	-2
7	27	-1
7	387	2
8	9	1
8	28	2
8	388	1
9	10	-2
9	29	-1
9	389	1
10	11	-1
10	30	1
10	390	-2
11	12	2
11	31	1
11	391	-2
12	13	1
12	32	-1
12	392	-1
13	14	1
13	33	2
13	393	2
14	15	2
14	34	2
14	394	-1
15	16	-1
15	35	-1
15	395	-1
16	17	-1
16	36	1
16	396	-1
17	18	-1
17	37	2
17	397	-1
18	19	-1
18	38	-1
18	398	2
19	39	-1
19	399	-1
20	21	-1
20	39	-1
20	40	-2
21	22	1
21	41	2
22	23	-2
22	42	2
23	24	1
23	43	-1
24	25	-1
24	44	-1
25	26	2
25	45	-2
26	27	-2
26	46	-1
27	28	-2
27	47	2
28	29	2
28	48	-1
29	30	1
29	49	-1
30	31	1
30	50	-2
31	32	-1
31	51	2
32	33	1
32	52	2
33	34	-1
33	53	2
34	35	1
34	54	1
35	36	-1
35	55	-2
36	37	2
36	56	-1
37	38	1
37	57	-1
38	39	2
38	58	-1
39	59	1
40	41	1
40	59	-1
40	60	-1
41	42	-2
41	61	-1
42	43	2
42	62	2
43	44	-1
43	63	1
44	45	-2
44	64	2
45	46	-1
45	65	-1
46	47	1
46	66	-1
47	48	-1
47	67	-1
48	49	1
48	68	1
49	50	-2
49	69	1
50	51	-2
50	70	-2
51	52	1
51	71	1
52	53	2
52	72	-1
53	54	2
53	73	1
54	55	1
54	74	1
55	56	1
55	75	1
56	57	1
56	76	-2
57	58	-1
57	77	-2
58	59	-2
58	78	-1
59	79	2
60	61	-1
60	79	-1
60	80	1
61	62	2
61	81	-1
62	63	-1
62	82	2
63	64	-2
63	83	-1
64	65	-2
64	84	-2
65	66	1
65	85	-2
66	67	-1
66	86	-1
67	68	1
67	87	2
68	69	-1
68	88	1
69	70	1
69	89	1
70	71	-2
70	90	-2
71	72	-2
71	91	1
72	73	1
72	92	2
73	74	-1
73	93	-1
74	75	-1
74	94	1
75	76	1
75	95	-2
76	77	-1
76	96	1
77	78	1
77	97	1
78	79	-1
78	98	-2
79	99	-1
80	81	-2
80	99	-1
80	100	-2
81	82	1
81	101	-1
82	83	-1
82	102	-1
83	84	2
83	103	-2
84	85	-2
84	104	-1
85	86	-1
85	105	2
86	87	-2
86	106	-1
87	88	-2
87	107	-2
88	89	2
88	108	-2
89	90	2
89	109	1
90	91	1
90	110	1
91	92	2
91	111	2
92	93	-1
92	112	1
93	94	-1
93	113	1
94	95	1
94	114	2
95	96	2
95	115	2
96	97	-2
96	116	2
97	98	2
97	117	-2
98	99	2
98	118	1
99	119	1
100	101	2
100	119	-2
100	120	-1
101	102	-2
101	121	1
102	103	2
102	122	-1
103	104	-2
103	123	1
104	105	-2
104	124	-1
105	106	-1
105	125	1
106	107	1
106	126	1
107	108	-2
107	127	-1
108	109	2
108	128	2
109	110	-2
109	129	1
110	111	-2
110	130	1
111	112	1
111	131	-1
112	113	1
112	132	-1
113	114	-2
113	133	-1
114	115	-1
114	134	2
115	116	2
115	135	1
116	117	-1
116	136	-1
117	118	-2
117	137	1
118	119	-2
118	138	1
119	139	-1
120	121	1
120	139	2
120	140	2
121	122	-2
121	141	-2
122	123	-2
122	142	2
123	124	-2
123	143	1
124	125	1
124	144	-1
125	126	2
125	145	1
126	127	-2
126	146	-1
127	128	-1
127	147	-1
128	129	2
128	148	2
129	130	1
129	149	1
130	131	-1
130	150	-2
131	132	-1
131	151	-1
132	133	1
132	152	2
133	134	-1
133	153	-2
134	135	-2
134	154	-1
135	136	2
135	155	2
136	137	-1
136	156	-2
137	138	2
137	157	1
138	139	1
138	158	-1
139	159	-1
140	141	2
140	159	1
140	160	-1
141	142	2
141	161	2
142	143	1
142	162	1
143	144	1
143	163	-1
144	145	1
144	164	-2
145	146	-2
145	165	1
146	147	2
146	166	-2
147	148	-1
147	167	2
148	149	-2
148	168	2
149	150	1
149	169	1
150	151	2
150	170	-1
151	152	-1
151	171	-1
152	153	1
152	172	1
153	154	-1
153	173	2
154	155	-1
154	174	1
155	156	-2
155	175	-2
156	157	-2
156	176	-1
157	158	-1
157	177	-2
158	159	-1
158	178	2
159	179	2
160	161	-1
160	179	2
160	180	1
161	162	-1
161	181	-1
162	163	1
162	182	2
163	164	-2
163	183	1
164	165	-1
164	184	-2
165	166	-1
165	185	1
166	167	-2
166	186	2
167	168	1
167	187	2
168	169	-2
168	188	1
169	170	1
169	189	2
170	171	2
170	190	-2
171	172	-2
171	191	1
172	173	-1
172	192	-2
173	174	1
173	193	2
174	175	2
174	194	1
175	176	1
175	195	2
176	177	1
176	196	2
177	178	-2
177	197	2
178	179	-2
178	198	-1
179	199	-2
180	181	-1
180	199	-1
180	200	1
181	182	2
181	201	-2
182	183	-2
182	202	-2
183	184	1
183	203	-1
184	185	-2
184	204	1
185	186	-1
185	205	-1
186	187	1
186	206	1
187	188	1
187	207	-1
188	189	1
188	208	-1
189	190	-2
189	209	1
190	191	2
190	210	-2
191	192	-1
191	211	2
192	193	-1
192	212	2
193	194	1
193	213	1
194	195	-1
194	214	1
195	196	1
195	215	1
196	197	-1
196	216	-2
197	198	1
197	217	2
198	199	1
198	218	2
199	219	-2
200	201	1
200	219	-2
200	220	-1
201	202	-1
201	221	2
202	203	-2
202	222	1
203	204	1
203	223	-1
204	205	-1
204	224	1
205	206	-1
205	225	2
206	207	-1
206	226	-2
207	208	-1
207	227	1
208	209	1
208	228	2
209	210	-2
209	229	-1
210	211	1
210	230	-2
211	212	1
211	231	-2
212	213	-2
212	232	-1
213	214	-1
213	233	-2
214	215	2
214	234	-2
215	216	2
215	235	-1
216	217	-1
216	236	-1
217	218	-2
217	237	1
218	219	-1
218	238	1
219	239	1
220	221	1
220	239	-1
220	240	-2
221	222	-1
221	241	2
222	223	-2
222	242	-1
223	224	1
223	243	-1
224	225	1
224	244	1
225	226	1
225	245	1
226	227	-2
226	246	1
227	228	-1
227	247	-1
228	229	2
228	248	2
229	230	1
229	249	1
230	231	-1
230	250	-1
231	232	2
231	251	2
232	233	1
232	252	-1
233	234	1
233	253	2
234	235	-1
234	254	2
235	236	-2
235	255	-1
236	237	-1
236	256	-1
237	238	-2
237	257	2
238	239	1
238	258	2
239	259	-1
240	241	-2
240	259	1
240	260	2
241	242	-2
241	261	2
242	243	2
242	262	1
243	244	1
243	263	-2
244	245	1
244	264	-1
245	246	-1
245	265	-2
246	247	-1
246	266	-1
247	248	-2
247	267	-1
248	249	-2
248	268	1
249	250	1
249	269	1
250	251	1
250	270	-1
251	252	1
251	271	1
252	253	-2
252	272	2
253	254	-1
253	273	-1
254	255	-1
254	274	2
255	256	2
255	275	-2
256	257	1
256	276	1
257	258	1
257	277	1
258	259	1
258	278	2
259	279	-2
260	261	1
260	279	-2
260	280	1
261	262	2
261	281	-2
262	263	1
262	282	2
263	264	1
263	283	2
264	265	-2
264	284	1
265	266	1
265	285	2
266	267	1
266	286	2
267	268	-1
267	287	-1
268	269	2
268	288	-1
269	270	1
269	289	-1
270	271	1
270	290	-2
271	272	-2
271	291	1
272	273	-1
272	292	-2
273	274	1
273	293	-1
274	275	-2
274	294	2
275	276	-2
275	295	-1
276	277	-1
276	296	-2
277	278	-1
277	297	1
278	279	2
278	298	1
279	299	1
280	281	1
280	299	1
280	300	1
281	282	1
281	301	-2
282	283	1
282	302	1
283	284	-1
283	303	1
284	285	-2
284	304	-2
285	286	-2
285	305	2
286	287	-2
286	306	1
287	288	1
287	307	2
288	289	1
288	308	-1
289	290	-2
289	309	-1
290	291	1
290	310	2
291	292	-2
291	311	-2
292	293	-2
292	312	-2
293	294	2
293	313	-2
294	295	2
294	314	2
295	296	1
295	315	-1
296	297	-2
296	316	-1
297	298	1
297	317	1
298	299	-2
298	318	2
299	319	1
300	301	1
300	319	-1
300	320	-2
301	302	1
301	321	1
302	303	-1
302	322	-2
303	304	-2
303	323	-1
304	305	-1
304	324	-2
305	306	2
305	325	-2
306	307	1
306	326	1
307	308	1
307	327	-2
308	309	-1
308	328	2
309	310	-1
309	329	1
310	311	2
310	330	-1
311	312	-2
311	331	-1
312	313	1
312	332	-2
313	314	-2
313	333	-1
314	315	1
314	334	-1
315	316	1
315	335	1
316	317	-2
316	336	-2
317	318	1
317	337	2
318	319	2
318	338	-2
319	339	2
320	321	2
320	339	-1
320	340	2
321	322	2
321	341	1
322	323	2
322	342	-2
323	324	2
323	343	-1
324	325	-1
324	344	1
325	326	2
325	345	-1
326	327	1
326	346	1
327	328	1
327	347	-1
328	329	2
328	348	1
329	330	-1
329	349	2
330	331	-1
330	350	-1
331	332	2
331	351	1
332	333	1
332	352	2
333	334	1
333	353	2
334	335	-2
334	354	2
335	336	2
335	355	1
336	337	-1
336	356	2
337	338	2
337	357	1
338	339	-2
338	358	1
339	359	1
340	341	-2
340	359	2
340	360	1
341	342	2
341	361	2
342	343	-1
342	362	1
343	344	2
343	363	-1
344	345	-1
344	364	2
345	346	2
345	365	-2
346	347	1
346	366	-1
347	348	-1
347	367	-1
348	349	-1
348	368	1
349	350	-2
349	369	-2
350	351	-1
350	370	2
351	352	1
351	371	1
352	353	-2
352	372	2
353	354	-1
353	373	-2
354	355	2
354	374	-2
355	356	1
355	375	-2
356	357	2
356	376	2
357	358	-1
357	377	-2
358	359	2
358	378	2
359	379	2
360	361	2
360	379	-2
360	380	-1
361	362	-2
361	381	-2
362	363	-1
362	382	2
363	364	1
363	383	-2
364	365	-1
364	384	-1
365	366	-1
365	385	-1
366	367	-2
366	386	1
367	368	-1
367	387	2
368	369	1
368	388	1
369	370	-1
369	389	2
370	371	1
370	390	-1
371	372	-2
371	391	-2
372	373	2
372	392	-2
373	374	2
373	393	-1
374	375	-1
374	394	2
375	376	1
375	395	-2
376	377	-2
376	396	-1
377	378	-1
377	397	2
378	379	-1
378	398	2
379	399	-2
380	381	-2
380	399	1
381	382	2
382	383	-1
383	384	-2
384	385	1
385	386	-2
386	387	1
387	388	1
388	389	-2
389	390	-1
390	391	-2
391	392	-1
392	393	-2
393	394	2
394	395	-1
395	396	1
396	397	-1
397	398	-2
398	399	-1
