0	1	1
0	19	1
0	20	-1
0	380	-1
1	2	1
1	21	1
1	381	1
2	3	-1
2	22	1
2	382	1
3	4	2
3	23	-2
3	383	1
4	5	2
4	24	1
4	384	2
5	6	1
5	25	1
5	385	-2
6	7	1
6	26	1
6	386	1
7	8	-2
7	27	-1
7	387	1
8	9	2
8	28	1
8	388	2
9	10	1
9	29	-1
9	389	1
10	11	-1
10	30	2
10	390	-2
11	12	2
11	31	-1
11	391	-2
12	13	2
12	32	1
12	392	-1
13	14	1
13	33	2
13	393	2
14	15	-2
14	34	2
14	394	2
15	16	1
15	35	1
15	395	-1
16	17	-2
16	36	-1
16	396	2
17	18	2
17	37	1
17	397	2
18	19	-2
18	38	-1
18	398	1
19	39	-2
19	399	1
20	21	2
20	39	-2
20	40	1
21	22	2
21	41	1
22	23	-2
22	42	2
23	24	1
23	43	1
24	25	-2
24	44	1
25	26	2
25	45	1
26	27	1
26	46	1
27	28	-1
27	47	-1
28	29	2
28	48	1
29	30	1
29	49	-2
30	31	-1
30	50	-2
31	32	-1
31	51	1
32	33	-1
32	52	1
33	34	-1
33	53	-1
34	35	1
34	54	-1
35	36	2
35	55	2
36	37	-2
36	56	2
37	38	2
37	57	2
38	39	2
38	58	-1
39	59	2
40	41	-2
40	59	2
40	60	1
41	42	-1
41	61	2
42	43	1
42	62	-2
43	44	-1
43	63	-2
44	45	2
44	64	2
45	46	-2
45	65	2
46	47	1
46	66	-1
47	48	-1
47	67	1
48	49	1
48	68	1
49	50	-2
49	69	-2
50	51	1
50	70	1
51	52	1
51	71	1
52	53	1
52	72	2
53	54	1
53	73	2
54	55	-2
54	74	-2
55	56	-1
55	75	2
56	57	1
56	76	-1
57	58	1
57	77	1
58	59	-1
58	78	-1
59	79	-2
60	61	1
60	79	-1
60	80	2
61	62	-2
61	81	1
62	63	-1
62	82	-1
63	64	2
63	83	1
64	65	-1
64	84	-2
65	66	-1
65	85	-2
66	67	2
66	86	2
67	68	-1
67	87	-1
68	69	1
68	88	1
69	70	1
69	89	-1
70	71	-2
70	90	-1
71	72	-1
71	91	-2
72	73	-2
72	92	2
73	74	-2
73	93	-2
74	75	-1
74	94	2
75	76	-1
75	95	1
76	77	1
76	96	1
77	78	-2
77	97	2
78	79	2
78	98	-1
79	99	2
80	81	2
80	99	1
80	100	-1
81	82	-2
81	101	-2
82	83	2
82	102	-1
83	84	1
83	103	1
84	85	-1
84	104	-2
85	86	-1
85	105	-2
86	87	-2
86	106	-1
87	88	-1
87	107	1
88	89	2
88	108	-1
89	90	-1
89	109	-1
90	91	1
90	110	-2
91	92	-1
91	111	1
92	93	-1
92	112	-2
93	94	-1
93	113	-2
94	95	2
94	114	-1
95	96	1
95	115	-1
96	97	-1
96	116	-1
97	98	-2
97	117	-1
98	99	2
98	118	-2
99	119	-1
100	101	-2
100	119	1
100	120	2
101	102	2
101	121	2
102	103	2
102	122	-1
103	104	-1
103	123	2
104	105	2
104	124	2
105	106	2
105	125	2
106	107	-2
106	126	2
107	108	-1
107	127	-2
108	109	-2
108	128	-2
109	110	-1
109	129	-1
110	111	1
110	130	1
111	112	2
111	131	-1
112	113	1
112	132	1
113	114	-1
113	133	1
114	115	-2
114	134	-1
115	116	-1
115	135	1
116	117	1
116	136	-1
117	118	-1
117	137	-2
118	119	-2
118	138	-2
119	139	-2
120	121	-2
120	139	1
120	140	1
121	122	2
121	141	1
122	123	2
122	142	1
123	124	1
123	143	-2
124	125	-1
124	144	-1
125	126	-1
125	145	-1
126	127	1
126	146	1
127	128	1
127	147	1
128	129	-1
128	148	-2
129	130	-2
129	149	2
130	131	2
130	150	1
131	132	1
131	151	-1
132	133	2
132	152	-2
133	134	-1
133	153	1
134	135	1
134	154	2
135	136	-1
135	155	1
136	137	-1
136	156	1
137	138	1
137	157	-2
138	139	-2
138	158	1
139	159	1
140	141	2
140	159	-1
140	160	-1
141	142	-1
141	161	1
142	143	1
142	162	1
143	144	1
143	163	2
144	145	1
144	164	-1
145	146	-1
145	165	-1
146	147	-1
146	166	-1
147	148	-1
147	167	1
148	149	-2
148	168	-1
149	150	-2
149	169	-1
150	151	2
150	170	1
151	152	-2
151	171	-2
152	153	2
152	172	1
153	154	-1
153	173	1
154	155	-2
154	174	2
155	156	-2
155	175	1
156	157	-2
156	176	2
157	158	1
157	177	1
158	159	2
158	178	1
159	179	-2
160	161	-2
160	179	1
160	180	1
161	162	1
161	181	2
162	163	2
162	182	1
163	164	2
163	183	-1
164	165	1
164	184	2
165	166	1
165	185	-1
166	167	-2
166	186	-2
167	168	-1
167	187	1
168	169	2
168	188	1
169	170	-2
169	189	-2
170	171	-1
170	190	-1
171	172	-1
171	191	-2
172	173	1
172	192	-1
173	174	2
173	193	-2
174	175	1
174	194	2
175	176	2
175	195	-1
176	177	-1
176	196	-1
177	178	-1
177	197	-1
178	179	-1
178	198	2
179	199	1
180	181	2
180	199	-2
180	200	1
181	182	2
181	201	2
182	183	2
182	202	1
183	184	-1
183	203	1
184	185	2
184	204	-2
185	186	1
185	205	-1
186	187	-1
186	206	1
187	188	-1
187	207	1
188	189	1
188	208	1
189	190	2
189	209	1
190	191	1
190	210	2
191	192	-2
191	211	1
192	193	-2
192	212	-1
193	194	-1
193	213	-1
194	195	2
194	214	1
195	196	-2
195	215	1
196	197	1
196	216	-1
197	198	-2
197	217	1
198	199	1
198	218	2
199	219	-2
200	201	2
200	219	-1
200	220	-1
201	202	-2
201	221	2
202	203	2
202	222	-2
203	204	-2
203	223	-1
204	205	-1
204	224	-1
205	206	1
205	225	1
206	207	-2
206	226	1
207	208	2
207	227	-2
208	209	1
208	228	1
209	210	-2
209	229	1
210	211	1
210	230	1
211	212	-2
211	231	2
212	213	-2
212	232	-1
213	214	-1
213	233	-2
214	215	-1
214	234	2
215	216	-2
215	235	-2
216	217	-2
216	236	-1
217	218	2
217	237	-2
218	219	-2
218	238	-2
219	239	1
220	221	1
220	239	2
220	240	-2
221	222	2
221	241	-1
222	223	-2
222	242	-1
223	224	-2
223	243	1
224	225	-1
224	244	-2
225	226	2
225	245	-1
226	227	-1
226	246	1
227	228	-2
227	247	-2
228	229	-1
228	248	2
229	230	1
229	249	-1
230	231	-2
230	250	1
231	232	-2
231	251	-1
232	233	1
232	252	-1
233	234	2
233	253	1
234	235	-2
234	254	1
235	236	2
235	255	2
236	237	2
236	256	-1
237	238	2
237	257	-1
238	239	-1
238	258	-2
239	259	-1
240	241	1
240	259	-1
240	260	2
241	242	-2
241	261	-2
242	243	2
242	262	2
243	244	-1
243	263	1
244	245	1
244	264	-1
245	246	1
245	265	1
246	247	-2
246	266	-2
247	248	-1
247	267	1
248	249	-2
248	268	-1
249	250	1
249	269	2
250	251	1
250	270	-2
251	252	1
251	271	1
252	253	-1
252	272	1
253	254	-2
253	273	-1
254	255	1
254	274	2
255	256	1
255	275	1
256	257	-2
256	276	-1
257	258	-1
257	277	-1
258	259	1
258	278	2
259	279	1
260	261	1
260	279	-1
260	280	-1
261	262	2
261	281	1
262	263	-1
262	282	-2
263	264	-2
263	283	1
264	265	1
264	284	1
265	266	2
265	285	1
266	267	-1
266	286	-2
267	268	2
267	287	-2
268	269	-1
268	288	1
269	270	1
269	289	2
270	271	2
270	290	-1
271	272	-2
271	291	-1
272	273	-1
272	292	-2
273	274	1
273	293	1
274	275	-2
274	294	-1
275	276	-2
275	295	-2
276	277	1
276	296	-2
277	278	-2
277	297	-2
278	279	-2
278	298	1
279	299	1
280	281	-2
280	299	-1
280	300	-1
281	282	2
281	301	-2
282	283	1
282	302	1
283	284	1
283	303	-1
284	285	1
284	304	-2
285	286	1
285	305	1
286	287	-2
286	306	-1
287	288	2
287	307	1
288	289	-2
288	308	1
289	290	1
289	309	-2
290	291	-1
290	310	2
291	292	1
291	311	-2
292	293	-1
292	312	-2
293	294	1
293	313	2
294	295	-1
294	314	2
295	296	1
295	315	-2
296	297	-1
296	316	1
297	298	-1
297	317	-1
298	299	-1
298	318	2
299	319	-2
300	301	1
300	319	1
300	320	1
301	302	1
301	321	1
302	303	1
302	322	-1
303	304	2
303	323	1
304	305	2
304	324	-1
305	306	-1
305	325	1
306	307	-1
306	326	1
307	308	1
307	327	-1
308	309	-2
308	328	2
309	310	-2
309	329	-1
310	311	-2
310	330	1
311	312	-2
311	331	1
312	313	-1
312	332	-1
313	314	2
313	333	2
314	315	-2
314	334	-1
315	316	1
315	335	1
316	317	-1
316	336	-1
317	318	-2
317	337	2
318	319	-1
318	338	1
319	339	2
320	321	1
320	339	-2
320	340	1
321	322	1
321	341	1
322	323	-1
322	342	1
323	324	2
323	343	-1
324	325	-2
324	344	1
325	326	1
325	345	1
326	327	1
326	346	1
327	328	2
327	347	-1
328	329	1
328	348	-1
329	330	-2
329	349	-1
330	331	-2
330	350	1
331	332	-2
331	351	1
332	333	2
332	352	1
333	334	1
333	353	2
334	335	-1
334	354	-2
335	336	1
335	355	-2
336	337	-1
336	356	2
337	338	2
337	357	-2
338	339	-2
338	358	-1
339	359	2
340	341	-2
340	359	-1
340	360	-1
341	342	-1
341	361	-2
342	343	-1
342	362	2
343	344	-1
343	363	2
344	345	2
344	364	2
345	346	2
345	365	1
346	347	1
346	366	-2
347	348	-2
347	367	-1
348	349	-2
348	368	1
349	350	2
349	369	-2
350	351	2
350	370	1
351	352	-2
351	371	2
352	353	-1
352	372	-2
353	354	2
353	373	-2
354	355	1
354	374	-1
355	356	-1
355	375	1
356	357	-1
356	376	-1
357	358	-2
357	377	-1
358	359	-1
358	378	-1
359	379	-1
360	361	2
360	379	1
360	380	-1
361	362	-2
361	381	1
362	363	-1
362	382	-1
363	364	1
363	383	1
364	365	1
364	384	-2
365	366	2
365	385	-1
366	367	1
366	386	-1
367	368	-2
367	387	-2
368	369	1
368	388	1
369	370	1
369	389	-1
370	371	2
370	390	1
371	372	-1
371	391	2
372	373	-2
372	392	2
373	374	-1
373	393	-1
374	375	2
374	394	-2
375	376	-1
375	395	-2
376	377	2
376	396	-2
377	378	2
377	397	-1
378	379	1
378	398	1
379	399	-2
380	381	2
380	399	1
381	382	-1
382	383	-1
383	384	-1
384	385	-1
385	386	1
386	387	-2
387	388	2
388	389	1
389	390	2
390	391	-1
391	392	-1
392	393	-1
393	394	-1
394	395	-1
395	396	2
396	397	-2
397	398	-1
398	399	1
