0	1	-2
0	19	1
0	20	1
0	380	-1
1	2	-1
1	21	-2
1	381	-1
2	3	-2
2	22	1
2	382	-2
3	4	-1
3	23	-2
3	383	1
4	5	-2
4	24	1
4	384	-2
5	6	1
5	25	1
5	385	-1
6	7	2
6	26	-2
6	386	2
7	8	1
7	27	1
7	387	-1
8	9	-1
8	28	1
8	388	-2
9	10	1
9	29	-1
9	389	1
10	11	-1
10	30	-1
10	390	-2
11	12	1
11	31	-2
11	391	-1
12	13	2
12	32	1
12	392	1
13	14	1
13	33	-2
13	393	1
14	15	-2
14	34	-1
14	394	1
15	16	1
15	35	1
15	395	1
16	17	2
16	36	2
16	396	1
17	18	-2
17	37	-2
17	397	2
18	19	-1
18	38	-2
18	398	-1
19	39	2
19	399	-2
20	21	-1
20	39	-2
20	40	2
21	22	-2
21	41	-2
22	23	-1
22	42	1
23	24	2
23	43	1
24	25	1
24	44	1
25	26	-2
25	45	1
26	27	1
26	46	1
27	28	2
27	47	1
28	29	-1
28	48	-1
29	30	-1
29	49	-2
30	31	2
30	50	-2
31	32	-2
31	51	1
32	33	2
32	52	-1
33	34	1
33	53	-1
34	35	-2
34	54	1
35	36	1
35	55	2
36	37	1
36	56	-1
37	38	-1
37	57	1
38	39	-1
38	58	1
39	59	-2
40	41	-1
40	59	-1
40	60	-1
41	42	-2
41	61	-2
42	43	2
42	62	1
43	44	-2
43	63	2
44	45	2
44	64	-1
45	46	2
45	65	-1
46	47	-1
46	66	1
47	48	2
47	67	-2
48	49	-1
48	68	-2
49	50	1
49	69	-2
50	51	1
50	70	2
51	52	-2
51	71	1
52	53	1
52	72	-1
53	54	1
53	73	-1
54	55	-1
54	74	-2
55	56	2
55	75	-2
56	57	-2
56	76	2
57	58	1
57	77	1
58	59	-2
58	78	-2
59	79	-2
60	61	2
60	79	-1
60	80	-1
61	62	1
61	81	-2
62	63	-1
62	82	-1
63	64	1
63	83	1
64	65	-2
64	84	-1
65	66	-2
65	85	1
66	67	-1
66	86	1
67	68	1
67	87	1
68	69	1
68	88	1
69	70	-1
69	89	-2
70	71	-2
70	90	-2
71	72	-1
71	91	-1
72	73	-1
72	92	-1
73	74	1
73	93	2
74	75	1
74	94	1
75	76	-1
75	95	-1
76	77	2
76	96	2
77	78	1
77	97	-1
78	79	1
78	98	-1
79	99	1
80	81	1
80	99	-1
80	100	-1
81	82	-2
81	101	-2
82	83	1
82	102	-1
83	84	1
83	103	-1
84	85	-2
84	104	1
85	86	2
85	105	1
86	87	2
86	106	-1
87	88	-1
87	107	-2
88	89	1
88	108	1
89	90	1
89	109	1
90	91	-1
90	110	1
91	92	1
91	111	-1
92	93	-1
92	112	-1
93	94	-1
93	113	-1
94	95	-2
94	114	2
95	96	-1
95	115	1
96	97	1
96	116	2
97	98	-1
97	117	1
98	99	1
98	118	2
99	119	2
100	101	-2
100	119	-1
100	120	-1
101	102	-1
101	121	-1
102	103	-1
102	122	-2
103	104	-1
103	123	-1
104	105	2
104	124	-1
105	106	-1
105	125	-2
106	107	-1
106	126	1
107	108	-2
107	127	-1
108	109	-1
108	128	1
109	110	-1
109	129	2
110	111	-1
110	130	1
111	112	-1
111	131	-1
112	113	1
112	132	-1
113	114	1
113	133	1
114	115	1
114	134	1
115	116	-1
115	135	2
116	117	-1
116	136	-2
117	118	-2
117	137	-1
118	119	-2
118	138	-1
119	139	-1
120	121	1
120	139	1
120	140	2
121	122	1
121	141	1
122	123	-2
122	142	1
123	124	1
123	143	-1
124	125	1
124	144	1
125	126	-2
125	145	-2
126	127	-1
126	146	-2
127	128	-2
127	147	-1
128	129	2
128	148	1
129	130	2
129	149	-1
130	131	1
130	150	1
131	132	2
131	151	-1
132	133	1
132	152	1
133	134	-1
133	153	2
134	135	-2
134	154	1
135	136	-2
135	155	-2
136	137	2
136	156	-2
137	138	2
137	157	1
138	139	2
138	158	1
139	159	-2
140	141	-1
140	159	1
140	160	1
141	142	2
141	161	-1
142	143	-1
142	162	1
143	144	2
143	163	-2
144	145	2
144	164	1
145	146	-2
145	165	-1
146	147	2
146	166	-2
147	148	-1
147	167	-2
148	149	2
148	168	-2
149	150	1
149	169	-2
150	151	1
150	170	2
151	152	-1
151	171	-1
152	153	-2
152	172	-1
153	154	2
153	173	-2
154	155	-1
154	174	-1
155	156	-1
155	175	-1
156	157	1
156	176	1
157	158	1
157	177	-1
158	159	2
158	178	-1
159	179	2
160	161	1
160	179	-1
160	180	2
161	162	1
161	181	-2
162	163	1
162	182	2
163	164	1
163	183	-1
164	165	-2
164	184	-2
165	166	2
165	185	2
166	167	2
166	186	1
167	168	2
167	187	2
168	169	-1
168	188	-1
169	170	2
169	189	2
170	171	1
170	190	2
171	172	1
171	191	-1
172	173	1
172	192	-1
173	174	-2
173	193	-2
174	175	1
174	194	2
175	176	-1
175	195	-2
176	177	1
176	196	-2
177	178	-2
177	197	-1
178	179	-1
178	198	-2
179	199	-1
180	181	1
180	199	-1
180	200	-1
181	182	2
181	201	-1
182	183	2
182	202	2
183	184	1
183	203	2
184	185	-1
184	204	2
185	186	-2
185	205	1
186	187	-1
186	206	1
187	188	1
187	207	-1
188	189	-2
188	208	1
189	190	2
189	209	-2
190	191	2
190	210	-2
191	192	-1
191	211	-1
192	193	-2
192	212	-2
193	194	-1
193	213	-2
194	195	2
194	214	-1
195	196	1
195	215	1
196	197	-1
196	216	2
197	198	-2
197	217	2
198	199	2
198	218	1
199	219	-2
200	201	2
200	219	2
200	220	1
201	202	1
201	221	-2
202	203	1
202	222	-1
203	204	-1
203	223	1
204	205	-2
204	224	-2
205	206	2
205	225	-1
206	207	2
206	226	2
207	208	1
207	227	2
208	209	1
208	228	2
209	210	-1
209	229	-2
210	211	-2
210	230	2
211	212	2
211	231	-1
212	213	-1
212	232	-1
213	214	2
213	233	-1
214	215	-2
214	234	1
215	216	-1
215	235	1
216	217	-1
216	236	2
217	218	1
217	237	2
218	219	2
218	238	-2
219	239	1
220	221	2
220	239	2
220	240	1
221	222	2
221	241	-1
222	223	2
222	242	1
223	224	1
223	243	2
224	225	1
224	244	1
225	226	2
225	245	-2
226	227	-1
226	246	-2
227	228	1
227	247	-1
228	229	1
228	248	-2
229	230	-2
229	249	-2
230	231	-2
230	250	-1
231	232	1
231	251	-2
232	233	2
232	252	-1
233	234	-1
233	253	2
234	235	1
234	254	1
235	236	-2
235	255	-2
236	237	1
236	256	2
237	238	-2
237	257	1
238	239	1
238	258	-2
239	259	1
240	241	-2
240	259	-2
240	260	-1
241	242	2
241	261	2
242	243	1
242	262	1
243	244	-2
243	263	2
244	245	-1
244	264	2
245	246	-1
245	265	-2
246	247	1
246	266	2
247	248	-2
247	267	-1
248	249	-2
248	268	1
249	250	1
249	269	2
250	251	1
250	270	1
251	252	-2
251	271	-2
252	253	-1
252	272	1
253	254	2
253	273	1
254	255	-1
254	274	-2
255	256	-1
255	275	1
256	257	-2
256	276	-2
257	258	-1
257	277	2
258	259	-2
258	278	-2
259	279	-1
260	261	-2
260	279	-2
260	280	1
261	262	1
261	281	-2
262	263	-2
262	282	2
263	264	-1
263	283	2
264	265	-1
264	284	-1
265	266	1
265	285	-1
266	267	2
266	286	2
267	268	-2
267	287	1
268	269	1
268	288	-1
269	270	1
269	289	2
270	271	2
270	290	2
271	272	1
271	291	-1
272	273	1
272	292	2
273	274	-2
273	293	-1
274	275	-2
274	294	-1
275	276	-2
275	295	1
276	277	-1
276	296	-1
277	278	-1
277	297	2
278	279	2
278	298	2
279	299	2
280	281	-2
280	299	1
280	300	1
281	282	1
281	301	-2
282	283	-2
282	302	-2
283	284	-2
283	303	1
284	285	-2
284	304	1
285	286	1
285	305	-1
286	287	2
286	306	1
287	288	-2
287	307	-2
288	289	2
288	308	-2
289	290	-1
289	309	1
290	291	1
290	310	-1
291	292	1
291	311	-1
292	293	2
292	312	2
293	294	1
293	313	1
294	295	-1
294	314	-1
295	296	-2
295	315	-1
296	297	-1
296	316	1
297	298	2
297	317	2
298	299	2
298	318	-1
299	319	2
300	301	-1
300	319	1
300	320	-2
301	302	1
301	321	-2
302	303	-1
302	322	1
303	304	1
303	323	-1
304	305	-2
304	324	-1
305	306	1
305	325	-1
306	307	1
306	326	2
307	308	-2
307	327	1
308	309	1
308	328	-2
309	310	-2
309	329	2
310	311	-1
310	330	-1
311	312	-1
311	331	-1
312	313	-1
312	332	2
313	314	1
313	333	1
314	315	1
314	334	2
315	316	-2
315	335	2
316	317	2
316	336	-1
317	318	2
317	337	1
318	319	2
318	338	-2
319	339	2
320	321	-2
320	339	1
320	340	-1
321	322	2
321	341	1
322	323	-2
322	342	-1
323	324	-1
323	343	2
324	325	-2
324	344	1
325	326	1
325	345	2
326	327	2
326	346	1
327	328	-2
327	347	2
328	329	1
328	348	-1
329	330	-2
329	349	1
330	331	-2
330	350	-1
331	332	-2
331	351	2
332	333	-1
332	352	1
333	334	-2
333	353	-1
334	335	-2
334	354	-2
335	336	-1
335	355	-1
336	337	-1
336	356	1
337	338	2
337	357	1
338	339	-1
338	358	-1
339	359	1
340	341	-2
340	359	-1
340	360	1
341	342	1
341	361	2
342	343	-1
342	362	-1
343	344	2
343	363	-1
344	345	1
344	364	2
345	346	-1
345	365	-2
346	347	-2
346	366	2
347	348	1
347	367	-2
348	349	1
348	368	-1
349	350	-2
349	369	-2
350	351	-2
350	370	2
351	352	1
351	371	-1
352	353	-1
352	372	2
353	354	1
353	373	1
354	355	1
354	374	1
355	356	-1
355	375	1
356	357	1
356	376	-1
357	358	-2
357	377	1
358	359	-1
358	378	2
359	379	2
360	361	2
360	379	2
360	380	-1
361	362	1
361	381	1
362	363	-1
362	382	-1
363	364	1
363	383	-1
364	365	-2
364	384	-1
365	366	-1
365	385	1
366	367	-1
366	386	-2
367	368	-2
367	387	-2
368	369	1
368	388	-2
369	370	-1
369	389	1
370	371	1
370	390	1
371	372	2
371	391	1
372	373	1
372	392	1
373	374	-1
373	393	2
374	375	-1
374	394	2
375	376	-2
375	395	-1
376	377	-2
376	396	2
377	378	2
377	397	1
378	379	1
378	398	2
379	399	1
380	381	2
380	399	-2
381	382	2
382	383	1
383	384	-2
384	385	-1
385	386	1
386	387	1
387	388	-2
388	389	1
389	390	2
390	391	-1
391	392	1
392	393	-2
393	394	-1
394	395	-2
395	396	-1
396	397	1
397	398	-1
398	399	-2
