0	1	-1
0	15	2
0	16	-2
0	240	2
1	2	-2
1	17	-1
1	241	2
2	3	-2
2	18	-2
2	242	-2
3	4	-1
3	19	2
3	243	-1
4	5	-2
4	20	1
4	244	-2
5	6	1
5	21	2
5	245	-1
6	7	-2
6	22	-2
6	246	-2
7	8	2
7	23	-1
7	247	-1
8	9	-2
8	24	-1
8	248	2
9	10	2
9	25	-2
9	249	-2
10	11	1
10	26	1
10	250	2
11	12	2
11	27	1
11	251	2
12	13	2
12	28	-1
12	252	1
13	14	-2
13	29	1
13	253	-2
14	15	1
14	30	-2
14	254	-2
15	31	-1
15	255	-2
16	17	2
16	31	-1
16	32	2
17	18	1
17	33	-1
18	19	-1
18	34	1
19	20	2
19	35	-1
20	21	2
20	36	1
21	22	-1
21	37	-2
22	23	1
22	38	2
23	24	2
23	39	1
24	25	1
24	40	2
25	26	-2
25	41	2
26	27	-1
26	42	-1
27	28	2
27	43	-2
28	29	2
28	44	1
29	30	-1
29	45	2
30	31	-2
30	46	-1
31	47	1
32	33	1
32	47	2
32	48	2
33	34	1
33	49	2
34	35	1
34	50	2
35	36	1
35	51	-1
36	37	2
36	52	-1
37	38	-1
37	53	1
38	39	2
38	54	2
39	40	-2
39	55	-1
40	41	1
40	56	2
41	42	-1
41	57	2
42	43	2
42	58	1
43	44	2
43	59	1
44	45	1
44	60	2
45	46	-2
45	61	-1
46	47	2
46	62	-1
47	63	1
48	49	-1
48	63	-2
48	64	1
49	50	1
49	65	2
50	51	2
50	66	1
51	52	1
51	67	1
52	53	2
52	68	-1
53	54	2
53	69	-1
54	55	1
54	70	1
55	56	-2
55	71	-2
56	57	-1
56	72	-2
57	58	-2
57	73	-1
58	59	-2
58	74	-2
59	60	2
59	75	-2
60	61	1
60	76	1
61	62	1
61	77	2
62	63	2
62	78	-2
63	79	-1
64	65	-1
64	79	-1
64	80	1
65	66	-2
65	81	-1
66	67	1
66	82	-1
67	68	1
67	83	1
68	69	-2
68	84	1
69	70	2
69	85	1
70	71	2
70	86	2
71	72	1
71	87	-1
72	73	1
72	88	-2
73	74	1
73	89	-2
74	75	-1
74	90	2
75	76	2
75	91	-1
76	77	-2
76	92	1
77	78	1
77	93	-2
78	79	2
78	94	2
79	95	-2
80	81	-1
80	95	2
80	96	-1
81	82	-2
81	97	-1
82	83	1
82	98	2
83	84	2
83	99	2
84	85	1
84	100	2
85	86	1
85	101	1
86	87	1
86	102	2
87	88	-1
87	103	-2
88	89	-1
88	104	1
89	90	-1
89	105	1
90	91	-2
90	106	-2
91	92	-2
91	107	-2
92	93	-2
92	108	1
93	94	-2
93	109	1
94	95	1
94	110	-1
95	111	-2
96	97	-1
96	111	-1
96	112	1
97	98	-2
97	113	-1
98	99	1
98	114	-2
99	100	-1
99	115	-1
100	101	2
100	116	-1
101	102	-1
101	117	-2
102	103	-1
102	118	2
103	104	-2
103	119	2
104	105	1
104	120	-1
105	106	-2
105	121	-2
106	107	-2
106	122	-1
107	108	-1
107	123	-1
108	109	1
108	124	2
109	110	-2
109	125	2
110	111	2
110	126	-1
111	127	1
112	113	-1
112	127	2
112	128	-1
113	114	-2
113	129	2
114	115	-1
114	130	1
115	116	-2
115	131	1
116	117	-1
116	132	1
117	118	2
117	133	-2
118	119	2
118	134	1
119	120	-2
119	135	1
120	121	-2
120	136	1
121	122	1
121	137	-2
122	123	2
122	138	-2
123	124	-1
123	139	-2
124	125	-1
124	140	-2
125	126	-1
125	141	-1
126	127	1
126	142	1
127	143	2
128	129	2
128	143	1
128	144	2
129	130	1
129	145	1
130	131	-2
130	146	-1
131	132	1
131	147	-1
132	133	2
132	148	1
133	134	1
133	149	2
134	135	-1
134	150	1
135	136	2
135	151	-2
136	137	-1
136	152	2
137	138	-1
137	153	2
138	139	-1
138	154	-1
139	140	1
139	155	1
140	141	1
140	156	-1
141	142	-1
141	157	1
142	143	-2
142	158	-2
143	159	-1
144	145	-1
144	159	-1
144	160	-1
145	146	-2
145	161	2
146	147	2
146	162	-1
147	148	-2
147	163	-2
148	149	-1
148	164	1
149	150	1
149	165	1
150	151	-1
150	166	-2
151	152	1
151	167	2
152	153	2
152	168	1
153	154	2
153	169	2
154	155	-1
154	170	-2
155	156	2
155	171	1
156	157	1
156	172	-1
157	158	1
157	173	2
158	159	1
158	174	2
159	175	-1
160	161	2
160	175	1
160	176	-2
161	162	-2
161	177	-2
162	163	-2
162	178	-2
163	164	-2
163	179	2
164	165	-1
164	180	-1
165	166	2
165	181	2
166	167	-2
166	182	-2
167	168	-2
167	183	-1
168	169	2
168	184	1
169	170	1
169	185	1
170	171	2
170	186	-2
171	172	2
171	187	1
172	173	-2
172	188	-2
173	174	-1
173	189	1
174	175	2
174	190	-2
175	191	1
176	177	-1
176	191	2
176	192	-1
177	178	-2
177	193	-2
178	179	-1
178	194	2
179	180	-2
179	195	2
180	181	-2
180	196	-1
181	182	1
181	197	1
182	183	1
182	198	-2
183	184	-1
183	199	-2
184	185	-2
184	200	-1
185	186	-1
185	201	-2
186	187	1
186	202	2
187	188	-2
187	203	2
188	189	-1
188	204	-1
189	190	2
189	205	-2
190	191	2
190	206	-1
191	207	2
192	193	-1
192	207	1
192	208	1
193	194	-1
193	209	-1
194	195	1
194	210	-1
195	196	-1
195	211	2
196	197	-1
196	212	-2
197	198	1
197	213	-2
198	199	-1
198	214	-1
199	200	2
199	215	2
200	201	1
200	216	1
201	202	-2
201	217	2
202	203	1
202	218	-1
203	204	-2
203	219	-2
204	205	2
204	220	2
205	206	-1
205	221	1
206	207	2
206	222	-2
207	223	-2
208	209	-1
208	223	-1
208	224	2
209	210	2
209	225	1
210	211	2
210	226	1
211	212	1
211	227	-2
212	213	1
212	228	2
213	214	1
213	229	1
214	215	-2
214	230	1
215	216	2
215	231	-2
216	217	-2
216	232	1
217	218	-1
217	233	2
218	219	-2
218	234	2
219	220	1
219	235	-1
220	221	-1
220	236	1
221	222	-2
221	237	1
222	223	-1
222	238	-1
223	239	-1
224	225	1
224	239	-1
224	240	1
225	226	-1
225	241	1
226	227	-2
226	242	-1
227	228	2
227	243	-2
228	229	-1
228	244	-1
229	230	-1
229	245	1
230	231	2
230	246	-2
231	232	2
231	247	1
232	233	2
232	248	-1
233	234	1
233	249	1
234	235	-2
234	250	2
235	236	2
235	251	-1
236	237	-1
236	252	-1
237	238	-2
237	253	-2
238	239	1
238	254	-2
239	255	2
240	241	-1
240	255	1
241	242	-1
242	243	1
243	244	2
244	245	-2
245	246	-2
246	247	1
247	248	1
248	249	2
249	250	1
250	251	-1
251	252	-2
252	253	2
253	254	1
254	255	1
