0	1	-1
0	15	-1
0	16	-1
0	240	-2
1	2	-2
1	17	1
1	241	-1
2	3	1
2	18	-1
2	242	1
3	4	-2
3	19	2
3	243	2
4	5	-1
4	20	2
4	244	1
5	6	2
5	21	2
5	245	-1
6	7	-2
6	22	-1
6	246	-2
7	8	-2
7	23	-2
7	247	1
8	9	-2
8	24	2
8	248	2
9	10	2
9	25	-1
9	249	-2
10	11	-1
10	26	1
10	250	1
11	12	-1
11	27	-2
11	251	-1
12	13	1
12	28	1
12	252	-2
13	14	1
13	29	1
13	253	-1
14	15	-1
14	30	-1
14	254	-1
15	31	1
15	255	1
16	17	-1
16	31	-1
16	32	1
17	18	-1
17	33	1
18	19	2
18	34	2
19	20	-2
19	35	2
20	21	1
20	36	1
21	22	-1
21	37	1
22	23	2
22	38	-2
23	24	2
23	39	-2
24	25	-2
24	40	2
25	26	1
25	41	1
26	27	-2
26	42	-1
27	28	1
27	43	-2
28	29	-1
28	44	-1
29	30	-1
29	45	1
30	31	-1
30	46	1
31	47	-1
32	33	-1
32	47	-1
32	48	1
33	34	2
33	49	1
34	35	1
34	50	1
35	36	2
35	51	-1
36	37	-2
36	52	-2
37	38	-2
37	53	-2
38	39	-1
38	54	-2
39	40	1
39	55	2
40	41	-1
40	56	-1
41	42	1
41	57	-2
42	43	-2
42	58	-1
43	44	-2
43	59	-2
44	45	-2
44	60	2
45	46	1
45	61	1
46	47	1
46	62	-1
47	63	-2
48	49	1
48	63	2
48	64	-2
49	50	1
49	65	2
50	51	1
50	66	-1
51	52	2
51	67	1
52	53	1
52	68	1
53	54	-2
53	69	2
54	55	-1
54	70	-2
55	56	2
55	71	-1
56	57	2
56	72	-2
57	58	1
57	73	-2
58	59	2
58	74	-2
59	60	1
59	75	-2
60	61	2
60	76	2
61	62	-1
61	77	2
62	63	-1
62	78	-2
63	79	-1
64	65	1
64	79	-1
64	80	-2
65	66	2
65	81	1
66	67	1
66	82	2
67	68	-2
67	83	-1
68	69	1
68	84	2
69	70	-1
69	85	-1
70	71	-2
70	86	-2
71	72	-1
71	87	-2
72	73	1
72	88	-1
73	74	-2
73	89	-1
74	75	2
74	90	2
75	76	1
75	91	1
76	77	2
76	92	-1
77	78	-2
77	93	1
78	79	-1
78	94	-1
79	95	1
80	81	2
80	95	1
80	96	1
81	82	2
81	97	1
82	83	2
82	98	1
83	84	2
83	99	-2
84	85	2
84	100	1
85	86	-2
85	101	-2
86	87	1
86	102	1
87	88	1
87	103	1
88	89	-1
88	104	1
89	90	1
89	105	-1
90	91	-1
90	106	-1
91	92	-1
91	107	-1
92	93	2
92	108	-1
93	94	-2
93	109	2
94	95	-1
94	110	1
95	111	-1
96	97	-1
96	111	1
96	112	-1
97	98	-2
97	113	1
98	99	-2
98	114	-1
99	100	1
99	115	-2
100	101	-1
100	116	-2
101	102	-1
101	117	1
102	103	-2
102	118	-1
103	104	-1
103	119	-2
104	105	-2
104	120	-2
105	106	-2
105	121	1
106	107	-1
106	122	1
107	108	1
107	123	-1
108	109	-2
108	124	-2
109	110	1
109	125	1
110	111	-2
110	126	2
111	127	-1
112	113	-1
112	127	2
112	128	2
113	114	1
113	129	-2
114	115	1
114	130	2
115	116	-1
115	131	-1
116	117	-2
116	132	-1
117	118	2
117	133	2
118	119	1
118	134	1
119	120	-2
119	135	2
120	121	-2
120	136	-1
121	122	2
121	137	2
122	123	-1
122	138	1
123	124	-1
123	139	1
124	125	-1
124	140	2
125	126	2
125	141	1
126	127	-1
126	142	2
127	143	-1
128	129	-2
128	143	1
128	144	1
129	130	1
129	145	2
130	131	-1
130	146	-1
131	132	1
131	147	-1
132	133	1
132	148	1
133	134	-2
133	149	-2
134	135	-1
134	150	-2
135	136	-1
135	151	-1
136	137	1
136	152	-2
137	138	-2
137	153	-1
138	139	-1
138	154	2
139	140	2
139	155	2
140	141	2
140	156	-2
141	142	-1
141	157	2
142	143	1
142	158	-1
143	159	2
144	145	2
144	159	1
144	160	-1
145	146	-1
145	161	1
146	147	1
146	162	2
147	148	-1
147	163	2
148	149	1
148	164	-2
149	150	-2
149	165	1
150	151	2
150	166	-1
151	152	-1
151	167	2
152	153	-2
152	168	-2
153	154	-1
153	169	1
154	155	2
154	170	1
155	156	-2
155	171	1
156	157	1
156	172	2
157	158	2
157	173	-1
158	159	2
158	174	-2
159	175	1
160	161	2
160	175	1
160	176	-1
161	162	1
161	177	-2
162	163	2
162	178	2
163	164	-2
163	179	1
164	165	-2
164	180	-2
165	166	-2
165	181	-1
166	167	2
166	182	2
167	168	-2
167	183	-1
168	169	-2
168	184	1
169	170	1
169	185	-1
170	171	-2
170	186	-2
171	172	2
171	187	-2
172	173	2
172	188	1
173	174	-1
173	189	2
174	175	-1
174	190	1
175	191	-1
176	177	-1
176	191	1
176	192	-2
177	178	1
177	193	-2
178	179	-1
178	194	1
179	180	-1
179	195	1
180	181	1
180	196	2
181	182	-2
181	197	-2
182	183	1
182	198	-1
183	184	-1
183	199	1
184	185	-2
184	200	-1
185	186	1
185	201	1
186	187	1
186	202	-1
187	188	2
187	203	2
188	189	-1
188	204	1
189	190	1
189	205	2
190	191	-1
190	206	2
191	207	1
192	193	-1
192	207	2
192	208	1
193	194	2
193	209	-2
194	195	-1
194	210	-2
195	196	1
195	211	-2
196	197	1
196	212	1
197	198	1
197	213	-1
198	199	2
198	214	1
199	200	-1
199	215	-1
200	201	-2
200	216	-2
201	202	1
201	217	1
202	203	1
202	218	2
203	204	-1
203	219	2
204	205	-1
204	220	-2
205	206	-1
205	221	2
206	207	-1
206	222	1
207	223	2
208	209	-2
208	223	-1
208	224	1
209	210	2
209	225	1
210	211	2
210	226	-2
211	212	-1
211	227	-1
212	213	1
212	228	2
213	214	-2
213	229	-1
214	215	2
214	230	-2
215	216	2
215	231	-1
216	217	-2
216	232	1
217	218	1
217	233	1
218	219	-1
218	234	2
219	220	1
219	235	1
220	221	-2
220	236	-1
221	222	2
221	237	-2
222	223	2
222	238	1
223	239	2
224	225	-1
224	239	2
224	240	-2
225	226	2
225	241	-2
226	227	-1
226	242	-1
227	228	-2
227	243	2
228	229	1
228	244	1
229	230	1
229	245	-2
230	231	2
230	246	-1
231	232	2
231	247	2
232	233	2
232	248	-1
233	234	-2
233	249	2
234	235	-2
234	250	-2
235	236	1
235	251	-1
236	237	-1
236	252	-2
237	238	1
237	253	1
238	239	-2
238	254	-1
239	255	2
240	241	1
240	255	-2
241	242	-1
242	243	-2
243	244	1
244	245	2
245	246	-1
246	247	1
247	248	1
248	249	1
249	250	2
250	251	2
251	252	1
252	253	-2
253	254	-1
254	255	-1
