0	1	-1
0	15	-1
0	16	-2
0	240	-2
1	2	-2
1	17	1
1	241	1
2	3	-2
2	18	2
2	242	-1
3	4	1
3	19	2
3	243	2
4	5	-1
4	20	-2
4	244	1
5	6	-1
5	21	-1
5	245	2
6	7	-1
6	22	-1
6	246	-2
7	8	-1
7	23	1
7	247	1
8	9	1
8	24	-2
8	248	2
9	10	1
9	25	-2
9	249	-1
10	11	2
10	26	-1
10	250	-1
11	12	-2
11	27	-1
11	251	2
12	13	-1
12	28	1
12	252	2
13	14	-2
13	29	1
13	253	2
14	15	-2
14	30	2
14	254	1
15	31	-1
15	255	1
16	17	-2
16	31	-2
16	32	1
17	18	-2
17	33	1
18	19	1
18	34	2
19	20	-2
19	35	-1
20	21	2
20	36	1
21	22	2
21	37	-1
22	23	-1
22	38	-1
23	24	1
23	39	-1
24	25	-1
24	40	1
25	26	-2
25	41	-2
26	27	-2
26	42	1
27	28	-1
27	43	-1
28	29	1
28	44	1
29	30	2
29	45	-2
30	31	-2
30	46	1
31	47	-2
32	33	2
32	47	-1
32	48	1
33	34	2
33	49	1
34	35	1
34	50	-2
35	36	-2
35	51	1
36	37	-2
36	52	-2
37	38	-1
37	53	1
38	39	-1
38	54	-2
39	40	1
39	55	1
40	41	2
40	56	2
41	42	-1
41	57	2
42	43	-1
42	58	-2
43	44	-1
43	59	1
44	45	-1
44	60	2
45	46	1
45	61	-1
46	47	1
46	62	-1
47	63	-1
48	49	-1
48	63	-2
48	64	-1
49	50	2
49	65	-2
50	51	2
50	66	-1
51	52	2
51	67	1
52	53	-2
52	68	1
53	54	-2
53	69	2
54	55	-2
54	70	2
55	56	1
55	71	-1
56	57	-1
56	72	1
57	58	1
57	73	2
58	59	-2
58	74	1
59	60	1
59	75	-2
60	61	-2
60	76	-1
61	62	1
61	77	-2
62	63	-1
62	78	-1
63	79	-2
64	65	-1
64	79	1
64	80	-1
65	66	-2
65	81	-1
66	67	1
66	82	-1
67	68	-1
67	83	2
68	69	-2
68	84	-2
69	70	1
69	85	-2
70	71	2
70	86	-2
71	72	1
71	87	1
72	73	1
72	88	1
73	74	-2
73	89	-2
74	75	-2
74	90	2
75	76	-1
75	91	-1
76	77	1
76	92	-1
77	78	-2
77	93	-1
78	79	2
78	94	-2
79	95	-1
80	81	1
80	95	1
80	96	2
81	82	-2
81	97	2
82	83	2
82	98	-1
83	84	-2
83	99	-2
84	85	1
84	100	-1
85	86	1
85	101	-2
86	87	1
86	102	1
87	88	2
87	103	1
88	89	2
88	104	1
89	90	1
89	105	1
90	91	-2
90	106	1
91	92	-1
91	107	1
92	93	-1
92	108	-1
93	94	-2
93	109	2
94	95	-1
94	110	1
95	111	-2
96	97	2
96	111	1
96	112	2
97	98	-1
97	113	1
98	99	-2
98	114	1
99	100	1
99	115	-2
100	101	-1
100	116	-2
101	102	2
101	117	1
102	103	-2
102	118	1
103	104	-1
103	119	1
104	105	-2
104	120	-2
105	106	-1
105	121	-1
106	107	-1
106	122	-1
107	108	-1
107	123	1
108	109	1
108	124	1
109	110	1
109	125	1
110	111	-1
110	126	-2
111	127	1
112	113	-1
112	127	-2
112	128	-1
113	114	-1
113	129	-2
114	115	-1
114	130	2
115	116	1
115	131	-2
116	117	-2
116	132	-2
117	118	1
117	133	2
118	119	2
118	134	2
119	120	1
119	135	-2
120	121	1
120	136	2
121	122	2
121	137	-2
122	123	-1
122	138	2
123	124	1
123	139	1
124	125	-1
124	140	1
125	126	1
125	141	1
126	127	-1
126	142	1
127	143	-2
128	129	1
128	143	2
128	144	1
129	130	-1
129	145	-1
130	131	1
130	146	-1
131	132	-2
131	147	-2
132	133	-1
132	148	2
133	134	-2
133	149	-2
134	135	-1
134	150	1
135	136	1
135	151	-2
136	137	-2
136	152	1
137	138	1
137	153	-1
138	139	2
138	154	-2
139	140	-1
139	155	-2
140	141	1
140	156	2
141	142	-1
141	157	2
142	143	2
142	158	2
143	159	-1
144	145	1
144	159	1
144	160	1
145	146	-2
145	161	2
146	147	-2
146	162	-2
147	148	2
147	163	1
148	149	-2
148	164	-2
149	150	-2
149	165	2
150	151	-2
150	166	-1
151	152	-2
151	167	2
152	153	-2
152	168	-1
153	154	-2
153	169	1
154	155	-1
154	170	-1
155	156	2
155	171	-1
156	157	-1
156	172	2
157	158	-2
157	173	-1
158	159	1
158	174	-2
159	175	-1
160	161	1
160	175	1
160	176	-2
161	162	-1
161	177	2
162	163	-2
162	178	1
163	164	2
163	179	-2
164	165	2
164	180	-1
165	166	-1
165	181	-2
166	167	-1
166	182	2
167	168	-1
167	183	2
168	169	-2
168	184	-2
169	170	-2
169	185	-1
170	171	-2
170	186	2
171	172	2
171	187	1
172	173	-2
172	188	2
173	174	1
173	189	-1
174	175	-2
174	190	-1
175	191	1
176	177	2
176	191	2
176	192	-2
177	178	-2
177	193	1
178	179	-1
178	194	2
179	180	1
179	195	1
180	181	-1
180	196	1
181	182	-2
181	197	-2
182	183	1
182	198	1
183	184	-1
183	199	-2
184	185	2
184	200	-1
185	186	1
185	201	2
186	187	1
186	202	2
187	188	2
187	203	-1
188	189	-2
188	204	2
189	190	1
189	205	2
190	191	-2
190	206	2
191	207	-1
192	193	1
192	207	-1
192	208	1
193	194	2
193	209	-1
194	195	1
194	210	-1
195	196	-1
195	211	-2
196	197	-2
196	212	2
197	198	-2
197	213	-1
198	199	-1
198	214	-2
199	200	1
199	215	2
200	201	-2
200	216	2
201	202	-1
201	217	1
202	203	2
202	218	-2
203	204	1
203	219	-1
204	205	-1
204	220	1
205	206	-1
205	221	-2
206	207	-1
206	222	2
207	223	2
208	209	2
208	223	1
208	224	-1
209	210	1
209	225	2
210	211	-1
210	226	2
211	212	1
211	227	1
212	213	-1
212	228	2
213	214	1
213	229	-1
214	215	-2
214	230	1
215	216	1
215	231	-2
216	217	2
216	232	2
217	218	1
217	233	2
218	219	-1
218	234	-1
219	220	2
219	235	2
220	221	-1
220	236	2
221	222	-2
221	237	2
222	223	1
222	238	-2
223	239	2
224	225	2
224	239	2
224	240	1
225	226	-1
225	241	2
226	227	1
226	242	-2
227	228	-1
227	243	-1
228	229	2
228	244	-2
229	230	1
229	245	-1
230	231	-2
230	246	-2
231	232	1
231	247	-2
232	233	2
232	248	1
233	234	2
233	249	-2
234	235	2
234	250	1
235	236	-1
235	251	-1
236	237	-2
236	252	2
237	238	-1
237	253	-1
238	239	-1
238	254	2
239	255	1
240	241	-2
240	255	-2
241	242	-1
242	243	-1
243	244	-2
244	245	-1
245	246	-1
246	247	1
247	248	2
248	249	1
249	250	-1
250	251	1
251	252	1
252	253	-2
253	254	1
254	255	2
