0	1	-1
0	15	-1
0	16	1
0	240	1
1	2	-2
1	17	2
1	241	1
2	3	2
2	18	-2
2	242	1
3	4	1
3	19	1
3	243	1
4	5	-2
4	20	-2
4	244	-2
5	6	-2
5	21	-1
5	245	-1
6	7	-2
6	22	2
6	246	2
7	8	1
7	23	1
7	247	-1
8	9	1
8	24	2
8	248	1
9	10	-2
9	25	-2
9	249	-1
10	11	-1
10	26	-1
10	250	-1
11	12	-2
11	27	-2
11	251	2
12	13	1
12	28	2
12	252	1
13	14	1
13	29	1
13	253	-1
14	15	1
14	30	-1
14	254	-2
15	31	1
15	255	-1
16	17	2
16	31	-1
16	32	-1
17	18	2
17	33	1
18	19	1
18	34	-1
19	20	-1
19	35	2
20	21	2
20	36	1
21	22	-2
21	37	-1
22	23	2
22	38	1
23	24	1
23	39	-2
24	25	1
24	40	2
25	26	1
25	41	2
26	27	1
26	42	-2
27	28	2
27	43	-1
28	29	-2
28	44	-2
29	30	-1
29	45	-2
30	31	1
30	46	2
31	47	-1
32	33	1
32	47	1
32	48	-2
33	34	2
33	49	2
34	35	-2
34	50	-2
35	36	2
35	51	-1
36	37	1
36	52	-2
37	38	-1
37	53	-1
38	39	1
38	54	-2
39	40	1
39	55	1
40	41	1
40	56	-1
41	42	2
41	57	-1
42	43	1
42	58	2
43	44	-2
43	59	2
44	45	-1
44	60	1
45	46	-2
45	61	1
46	47	1
46	62	1
47	63	1
48	49	2
48	63	-1
48	64	-2
49	50	1
49	65	-1
50	51	1
50	66	-2
51	52	-1
51	67	2
52	53	-2
52	68	2
53	54	2
53	69	-2
54	55	1
54	70	2
55	56	-1
55	71	2
56	57	-1
56	72	2
57	58	-2
57	73	-1
58	59	-2
58	74	-2
59	60	-1
59	75	-2
60	61	1
60	76	-1
61	62	-1
61	77	1
62	63	-1
62	78	-1
63	79	-2
64	65	-1
64	79	1
64	80	2
65	66	-2
65	81	2
66	67	1
66	82	-2
67	68	1
67	83	1
68	69	-1
68	84	-2
69	70	1
69	85	2
70	71	1
70	86	1
71	72	2
71	87	-1
72	73	-1
72	88	-2
73	74	2
73	89	2
74	75	-2
74	90	-2
75	76	1
75	91	2
76	77	-1
76	92	-2
77	78	-1
77	93	-2
78	79	-1
78	94	1
79	95	1
80	81	1
80	95	-1
80	96	-1
81	82	-1
81	97	2
82	83	1
82	98	-2
83	84	-2
83	99	2
84	85	-2
84	100	-1
85	86	-1
85	101	1
86	87	1
86	102	1
87	88	2
87	103	2
88	89	-1
88	104	-1
89	90	-2
89	105	-1
90	91	-1
90	106	2
91	92	-1
91	107	1
92	93	1
92	108	-2
93	94	1
93	109	1
94	95	1
94	110	1
95	111	-1
96	97	-2
96	111	1
96	112	-2
97	98	-2
97	113	2
98	99	1
98	114	2
99	100	-2
99	115	2
100	101	2
100	116	1
101	102	1
101	117	-1
102	103	-1
102	118	1
103	104	1
103	119	-1
104	105	-2
104	120	-1
105	106	-2
105	121	-2
106	107	1
106	122	-1
107	108	-2
107	123	1
108	109	-1
108	124	1
109	110	-1
109	125	-1
110	111	1
110	126	2
111	127	-2
112	113	-1
112	127	2
112	128	-1
113	114	-2
113	129	2
114	115	-1
114	130	-2
115	116	2
115	131	1
116	117	2
116	132	2
117	118	2
117	133	-1
118	119	-1
118	134	-2
119	120	2
119	135	-1
120	121	1
120	136	1
121	122	1
121	137	1
122	123	1
122	138	-2
123	124	1
123	139	2
124	125	-1
124	140	-2
125	126	-2
125	141	1
126	127	1
126	142	2
127	143	1
128	129	1
128	143	2
128	144	2
129	130	-1
129	145	-2
130	131	-1
130	146	-1
131	132	-1
131	147	-2
132	133	1
132	148	-1
133	134	-1
133	149	-1
134	135	1
134	150	2
135	136	1
135	151	-2
136	137	-2
136	152	1
137	138	2
137	153	1
138	139	-2
138	154	-2
139	140	1
139	155	-1
140	141	1
140	156	-2
141	142	1
141	157	-2
142	143	2
142	158	-1
143	159	1
144	145	1
144	159	2
144	160	1
145	146	2
145	161	-2
146	147	1
146	162	1
147	148	-2
147	163	-2
148	149	-1
148	164	-2
149	150	-2
149	165	-1
150	151	1
150	166	1
151	152	1
151	167	1
152	153	2
152	168	1
153	154	2
153	169	2
154	155	1
154	170	-1
155	156	-1
155	171	-1
156	157	-1
156	172	2
157	158	1
157	173	2
158	159	2
158	174	-2
159	175	-1
160	161	-2
160	175	2
160	176	-2
161	162	2
161	177	1
162	163	1
162	178	1
163	164	1
163	179	-2
164	165	1
164	180	1
165	166	-2
165	181	2
166	167	-2
166	182	-1
167	168	-1
167	183	2
168	169	-2
168	184	-2
169	170	2
169	185	-1
170	171	2
170	186	1
171	172	-1
171	187	2
172	173	1
172	188	1
173	174	2
173	189	-2
174	175	-2
174	190	-1
175	191	2
176	177	-2
176	191	1
176	192	2
177	178	-1
177	193	2
178	179	1
178	194	-1
179	180	1
179	195	-1
180	181	-2
180	196	1
181	182	1
181	197	-2
182	183	-2
182	198	1
183	184	2
183	199	-2
184	185	1
184	200	-1
185	186	-2
185	201	1
186	187	-2
186	202	2
187	188	-1
187	203	-2
188	189	2
188	204	1
189	190	-1
189	205	1
190	191	-2
190	206	-1
191	207	-2
192	193	-2
192	207	2
192	208	-2
193	194	-2
193	209	1
194	195	2
194	210	-1
195	196	1
195	211	-2
196	197	2
196	212	-1
197	198	1
197	213	2
198	199	1
198	214	-1
199	200	-1
199	215	-1
200	201	-2
200	216	-1
201	202	1
201	217	-2
202	203	2
202	218	1
203	204	-2
203	219	-1
204	205	2
204	220	-1
205	206	-1
205	221	2
206	207	-2
206	222	-2
207	223	-1
208	209	-2
208	223	2
208	224	2
209	210	2
209	225	2
210	211	-2
210	226	1
211	212	1
211	227	2
212	213	2
212	228	2
213	214	-2
213	229	-1
214	215	-1
214	230	2
215	216	-2
215	231	1
216	217	2
216	232	1
217	218	-1
217	233	-1
218	219	1
218	234	2
219	220	1
219	235	-1
220	221	2
220	236	1
221	222	2
221	237	-2
222	223	1
222	238	2
223	239	-1
224	225	-2
224	239	1
224	240	1
225	226	-1
225	241	1
226	227	-1
226	242	-1
227	228	-1
227	243	-1
228	229	1
228	244	-1
229	230	-2
229	245	-1
230	231	1
230	246	-1
231	232	2
231	247	-1
232	233	1
232	248	-2
233	234	-2
233	249	-1
234	235	2
234	250	1
235	236	1
235	251	2
236	237	1
236	252	-1
237	238	1
237	253	1
238	239	2
238	254	1
239	255	2
240	241	2
240	255	-1
241	242	1
242	243	1
243	244	1
244	245	-2
245	246	-1
246	247	-1
247	248	1
248	249	-1
249	250	2
250	251	-2
251	252	1
252	253	1
253	254	-1
254	255	-1
