0	1	-1
0	15	-1
0	16	-1
0	240	-1
1	2	2
1	17	1
1	241	-1
2	3	-1
2	18	-1
2	242	2
3	4	-1
3	19	-2
3	243	2
4	5	1
4	20	-2
4	244	-2
5	6	-2
5	21	-2
5	245	2
6	7	1
6	22	1
6	246	1
7	8	-2
7	23	1
7	247	2
8	9	1
8	24	-1
8	248	-1
9	10	-1
9	25	2
9	249	2
10	11	1
10	26	-1
10	250	-1
11	12	-2
11	27	2
11	251	1
12	13	1
12	28	1
12	252	2
13	14	2
13	29	-1
13	253	-1
14	15	1
14	30	2
14	254	1
15	31	2
15	255	2
16	17	-1
16	31	1
16	32	-1
17	18	2
17	33	2
18	19	2
18	34	-1
19	20	2
19	35	-1
20	21	-2
20	36	-1
21	22	2
21	37	2
22	23	-1
22	38	2
23	24	2
23	39	2
24	25	2
24	40	2
25	26	1
25	41	1
26	27	2
26	42	1
27	28	-2
27	43	2
28	29	1
28	44	1
29	30	-1
29	45	-1
30	31	-2
30	46	-2
31	47	2
32	33	-1
32	47	2
32	48	-1
33	34	2
33	49	-1
34	35	2
34	50	2
35	36	-2
35	51	-2
36	37	1
36	52	2
37	38	-1
37	53	1
38	39	-1
38	54	-2
39	40	-1
39	55	2
40	41	2
40	56	-1
41	42	-2
41	57	2
42	43	-1
42	58	1
43	44	1
43	59	-1
44	45	-1
44	60	1
45	46	2
45	61	2
46	47	2
46	62	2
47	63	2
48	49	1
48	63	1
48	64	1
49	50	-1
49	65	-1
50	51	1
50	66	-2
51	52	2
51	67	-2
52	53	-2
52	68	-1
53	54	-1
53	69	-1
54	55	-1
54	70	2
55	56	1
55	71	2
56	57	1
56	72	-2
57	58	2
57	73	1
58	59	-1
58	74	-2
59	60	-1
59	75	1
60	61	2
60	76	1
61	62	2
61	77	1
62	63	-1
62	78	-1
63	79	-2
64	65	2
64	79	1
64	80	1
65	66	2
65	81	-1
66	67	1
66	82	2
67	68	-2
67	83	1
68	69	2
68	84	-1
69	70	-1
69	85	1
70	71	1
70	86	-1
71	72	1
71	87	-1
72	73	-2
72	88	-2
73	74	2
73	89	1
74	75	2
74	90	-2
75	76	1
75	91	-1
76	77	1
76	92	-2
77	78	2
77	93	1
78	79	-2
78	94	1
79	95	2
80	81	1
80	95	-2
80	96	1
81	82	-2
81	97	-1
82	83	-2
82	98	2
83	84	2
83	99	-1
84	85	2
84	100	2
85	86	-2
85	101	2
86	87	-1
86	102	1
87	88	1
87	103	-2
88	89	-1
88	104	-2
89	90	-2
89	105	2
90	91	-1
90	106	1
91	92	1
91	107	-2
92	93	1
92	108	1
93	94	2
93	109	-2
94	95	1
94	110	1
95	111	-1
96	97	1
96	111	-2
96	112	-2
97	98	-1
97	113	-2
98	99	-1
98	114	1
99	100	1
99	115	1
100	101	2
100	116	1
101	102	1
101	117	1
102	103	-2
102	118	-2
103	104	-1
103	119	-1
104	105	1
104	120	1
105	106	1
105	121	1
106	107	-1
106	122	1
107	108	2
107	123	1
108	109	-2
108	124	1
109	110	2
109	125	-1
110	111	-2
110	126	1
111	127	-2
112	113	-1
112	127	1
112	128	-2
113	114	-1
113	129	-2
114	115	1
114	130	1
115	116	-2
115	131	2
116	117	-1
116	132	-2
117	118	1
117	133	1
118	119	1
118	134	2
119	120	2
119	135	-2
120	121	-1
120	136	-1
121	122	2
121	137	1
122	123	2
122	138	-1
123	124	1
123	139	-2
124	125	-2
124	140	1
125	126	-1
125	141	1
126	127	-1
126	142	1
127	143	-1
128	129	-2
128	143	-2
128	144	1
129	130	-2
129	145	2
130	131	-2
130	146	1
131	132	-1
131	147	-1
132	133	-2
132	148	-1
133	134	-2
133	149	1
134	135	-2
134	150	-1
135	136	-1
135	151	2
136	137	-2
136	152	2
137	138	2
137	153	-1
138	139	1
138	154	2
139	140	2
139	155	-1
140	141	-2
140	156	-1
141	142	1
141	157	-2
142	143	1
142	158	1
143	159	2
144	145	1
144	159	-1
144	160	2
145	146	-2
145	161	-2
146	147	-2
146	162	1
147	148	1
147	163	-2
148	149	-2
148	164	2
149	150	1
149	165	-1
150	151	-1
150	166	2
151	152	-1
151	167	-1
152	153	-1
152	168	-1
153	154	-1
153	169	2
154	155	2
154	170	-2
155	156	1
155	171	1
156	157	1
156	172	-2
157	158	-1
157	173	-2
158	159	-2
158	174	-2
159	175	2
160	161	1
160	175	1
160	176	-1
161	162	-2
161	177	-1
162	163	-2
162	178	1
163	164	1
163	179	2
164	165	1
164	180	2
165	166	1
165	181	2
166	167	-1
166	182	1
167	168	2
167	183	2
168	169	1
168	184	-2
169	170	-1
169	185	-2
170	171	-1
170	186	-1
171	172	2
171	187	1
172	173	1
172	188	1
173	174	1
173	189	2
174	175	1
174	190	-1
175	191	2
176	177	-1
176	191	1
176	192	2
177	178	-1
177	193	-1
178	179	1
178	194	1
179	180	2
179	195	1
180	181	-2
180	196	1
181	182	-2
181	197	2
182	183	2
182	198	2
183	184	-2
183	199	2
184	185	-1
184	200	-1
185	186	1
185	201	-2
186	187	-1
186	202	-2
187	188	1
187	203	-1
188	189	-2
188	204	2
189	190	1
189	205	-1
190	191	1
190	206	-1
191	207	1
192	193	-2
192	207	-2
192	208	-2
193	194	-1
193	209	-1
194	195	1
194	210	-2
195	196	-2
195	211	-2
196	197	2
196	212	-1
197	198	1
197	213	1
198	199	1
198	214	-2
199	200	-1
199	215	-1
200	201	1
200	216	-1
201	202	-1
201	217	-2
202	203	2
202	218	1
203	204	2
203	219	-2
204	205	-2
204	220	-1
205	206	-1
205	221	2
206	207	-2
206	222	1
207	223	1
208	209	2
208	223	2
208	224	1
209	210	2
209	225	-1
210	211	-2
210	226	-2
211	212	1
211	227	-2
212	213	2
212	228	1
213	214	2
213	229	2
214	215	-2
214	230	2
215	216	1
215	231	-2
216	217	-2
216	232	-1
217	218	-1
217	233	1
218	219	1
218	234	1
219	220	-2
219	235	1
220	221	-1
220	236	-2
221	222	1
221	237	-1
222	223	2
222	238	-1
223	239	-2
224	225	2
224	239	1
224	240	-1
225	226	-2
225	241	1
226	227	1
226	242	-1
227	228	2
227	243	-2
228	229	-1
228	244	2
229	230	-1
229	245	-2
230	231	-1
230	246	-2
231	232	-2
231	247	1
232	233	1
232	248	1
233	234	1
233	249	1
234	235	-1
234	250	1
235	236	-2
235	251	-1
236	237	-2
236	252	2
237	238	-1
237	253	-1
238	239	-1
238	254	1
239	255	1
240	241	2
240	255	-2
241	242	2
242	243	-2
243	244	-1
244	245	-1
245	246	2
246	247	-1
247	248	-1
248	249	-2
249	250	-2
250	251	-1
251	252	1
252	253	-1
253	254	1
254	255	1
