0	1	-1
0	15	-1
0	16	-2
0	240	-1
1	2	-1
1	17	-2
1	241	-1
2	3	1
2	18	-1
2	242	-1
3	4	-1
3	19	-1
3	243	-2
4	5	-1
4	20	-2
4	244	-1
5	6	2
5	21	2
5	245	1
6	7	-1
6	22	1
6	246	-1
7	8	-2
7	23	2
7	247	2
8	9	1
8	24	1
8	248	2
9	10	-1
9	25	-1
9	249	2
10	11	1
10	26	2
10	250	-1
11	12	2
11	27	-1
11	251	-1
12	13	1
12	28	2
12	252	2
13	14	-2
13	29	2
13	253	-2
14	15	-1
14	30	-1
14	254	1
15	31	2
15	255	1
16	17	1
16	31	-2
16	32	-1
17	18	-2
17	33	-2
18	19	-1
18	34	2
19	20	-2
19	35	1
20	21	-2
20	36	-1
21	22	1
21	37	-1
22	23	1
22	38	-1
23	24	2
23	39	-2
24	25	1
24	40	1
25	26	2
25	41	1
26	27	1
26	42	2
27	28	-1
27	43	-1
28	29	-1
28	44	-1
29	30	-1
29	45	2
30	31	-2
30	46	2
31	47	-2
32	33	1
32	47	1
32	48	1
33	34	-1
33	49	1
34	35	1
34	50	-2
35	36	-2
35	51	2
36	37	1
36	52	-2
37	38	-1
37	53	-2
38	39	2
38	54	1
39	40	1
39	55	-1
40	41	-1
40	56	-1
41	42	-2
41	57	1
42	43	-2
42	58	2
43	44	1
43	59	-2
44	45	-2
44	60	1
45	46	2
45	61	-2
46	47	-1
46	62	2
47	63	2
48	49	-1
48	63	-2
48	64	1
49	50	1
49	65	-2
50	51	1
50	66	1
51	52	2
51	67	1
52	53	-1
52	68	-1
53	54	-1
53	69	-2
54	55	2
54	70	1
55	56	-2
55	71	-1
56	57	-1
56	72	-2
57	58	-1
57	73	-2
58	59	-1
58	74	-1
59	60	1
59	75	-2
60	61	-2
60	76	2
61	62	-1
61	77	-1
62	63	1
62	78	1
63	79	-2
64	65	-1
64	79	-1
64	80	1
65	66	2
65	81	-1
66	67	-1
66	82	-1
67	68	2
67	83	-2
68	69	2
68	84	-2
69	70	-2
69	85	-1
70	71	2
70	86	2
71	72	2
71	87	1
72	73	1
72	88	-1
73	74	2
73	89	-1
74	75	1
74	90	1
75	76	1
75	91	-1
76	77	-2
76	92	2
77	78	-1
77	93	1
78	79	-2
78	94	1
79	95	-2
80	81	-1
80	95	-2
80	96	1
81	82	-1
81	97	-2
82	83	1
82	98	1
83	84	1
83	99	-1
84	85	-1
84	100	1
85	86	-2
85	101	-1
86	87	-2
86	102	-1
87	88	2
87	103	1
88	89	-1
88	104	-1
89	90	1
89	105	-2
90	91	1
90	106	2
91	92	1
91	107	1
92	93	2
92	108	-1
93	94	-1
93	109	-2
94	95	-1
94	110	-2
95	111	2
96	97	1
96	111	1
96	112	2
97	98	-1
97	113	2
98	99	-1
98	114	-1
99	100	1
99	115	1
100	101	-2
100	116	1
101	102	1
101	117	-1
102	103	-2
102	118	1
103	104	2
103	119	-1
104	105	1
104	120	1
105	106	1
105	121	-2
106	107	-2
106	122	1
107	108	1
107	123	-1
108	109	2
108	124	1
109	110	1
109	125	1
110	111	2
110	126	1
111	127	2
112	113	-2
112	127	-1
112	128	2
113	114	2
113	129	-1
114	115	-1
114	130	2
115	116	-2
115	131	-2
116	117	-2
116	132	1
117	118	1
117	133	-1
118	119	-2
118	134	-1
119	120	-2
119	135	2
120	121	1
120	136	-2
121	122	1
121	137	1
122	123	-2
122	138	1
123	124	-1
123	139	-2
124	125	-1
124	140	-1
125	126	-1
125	141	-1
126	127	-1
126	142	-1
127	143	1
128	129	1
128	143	2
128	144	-2
129	130	1
129	145	1
130	131	1
130	146	-2
131	132	-1
131	147	1
132	133	-2
132	148	-1
133	134	-1
133	149	-2
134	135	2
134	150	1
135	136	-1
135	151	1
136	137	1
136	152	1
137	138	-2
137	153	1
138	139	-1
138	154	-1
139	140	2
139	155	-2
140	141	2
140	156	-2
141	142	1
141	157	1
142	143	1
142	158	1
143	159	1
144	145	2
144	159	1
144	160	1
145	146	-1
145	161	-1
146	147	1
146	162	2
147	148	1
147	163	-2
148	149	1
148	164	-2
149	150	-1
149	165	2
150	151	-2
150	166	2
151	152	1
151	167	2
152	153	-1
152	168	1
153	154	-1
153	169	-1
154	155	2
154	170	-2
155	156	-1
155	171	1
156	157	2
156	172	-1
157	158	-1
157	173	-1
158	159	-1
158	174	-1
159	175	1
160	161	1
160	175	-1
160	176	2
161	162	-2
161	177	1
162	163	-2
162	178	-1
163	164	-2
163	179	-1
164	165	2
164	180	2
165	166	1
165	181	-1
166	167	-2
166	182	1
167	168	-2
167	183	-2
168	169	1
168	184	2
169	170	1
169	185	2
170	171	-2
170	186	1
171	172	-2
171	187	1
172	173	1
172	188	-1
173	174	1
173	189	-2
174	175	2
174	190	2
175	191	-1
176	177	-2
176	191	-1
176	192	2
177	178	-1
177	193	1
178	179	2
178	194	1
179	180	-1
179	195	2
180	181	2
180	196	-2
181	182	-1
181	197	2
182	183	-2
182	198	-1
183	184	2
183	199	1
184	185	-2
184	200	-1
185	186	-1
185	201	1
186	187	1
186	202	1
187	188	1
187	203	-2
188	189	-2
188	204	2
189	190	-2
189	205	-2
190	191	2
190	206	-2
191	207	-1
192	193	1
192	207	-2
192	208	2
193	194	1
193	209	2
194	195	2
194	210	1
195	196	-1
195	211	-2
196	197	-1
196	212	-1
197	198	-2
197	213	1
198	199	-1
198	214	1
199	200	2
199	215	-1
200	201	-1
200	216	-2
201	202	1
201	217	2
202	203	-1
202	218	1
203	204	1
203	219	-1
204	205	-1
204	220	-2
205	206	1
205	221	-1
206	207	1
206	222	2
207	223	2
208	209	-1
208	223	1
208	224	-2
209	210	-1
209	225	2
210	211	2
210	226	-2
211	212	1
211	227	-1
212	213	-1
212	228	1
213	214	-2
213	229	1
214	215	-1
214	230	-1
215	216	2
215	231	1
216	217	-1
216	232	-1
217	218	-1
217	233	-2
218	219	-2
218	234	-2
219	220	-1
219	235	1
220	221	2
220	236	-2
221	222	-1
221	237	2
222	223	-1
222	238	-2
223	239	-1
224	225	-1
224	239	-2
224	240	1
225	226	-1
225	241	-2
226	227	1
226	242	1
227	228	1
227	243	-2
228	229	1
228	244	-2
229	230	-2
229	245	1
230	231	-2
230	246	-1
231	232	2
231	247	2
232	233	-1
232	248	1
233	234	2
233	249	2
234	235	-2
234	250	-1
235	236	-2
235	251	-1
236	237	1
236	252	-2
237	238	-2
237	253	-2
238	239	2
238	254	-1
239	255	2
240	241	-2
240	255	-1
241	242	1
242	243	1
243	244	2
244	245	2
245	246	2
246	247	-1
247	248	1
248	249	1
249	250	-2
250	251	2
251	252	1
252	253	-2
253	254	-1
254	255	1
