0	1	-1
0	15	1
0	16	1
0	240	-2
1	2	-2
1	17	1
1	241	-2
2	3	2
2	18	-1
2	242	1
3	4	-2
3	19	2
3	243	-2
4	5	-2
4	20	-1
4	244	-2
5	6	-2
5	21	2
5	245	-1
6	7	2
6	22	1
6	246	-1
7	8	-2
7	23	-1
7	247	2
8	9	1
8	24	-2
8	248	-1
9	10	-2
9	25	2
9	249	-1
10	11	1
10	26	2
10	250	1
11	12	-1
11	27	-1
11	251	-1
12	13	1
12	28	2
12	252	-2
13	14	-1
13	29	-1
13	253	1
14	15	-1
14	30	2
14	254	1
15	31	-2
15	255	2
16	17	1
16	31	1
16	32	-1
17	18	-2
17	33	2
18	19	2
18	34	2
19	20	-1
19	35	-2
20	21	-1
20	36	2
21	22	-1
21	37	1
22	23	2
22	38	-1
23	24	1
23	39	-1
24	25	2
24	40	1
25	26	1
25	41	2
26	27	2
26	42	1
27	28	1
27	43	-1
28	29	1
28	44	1
29	30	-1
29	45	-1
30	31	-1
30	46	1
31	47	-2
32	33	1
32	47	-2
32	48	1
33	34	1
33	49	-1
34	35	1
34	50	1
35	36	-1
35	51	1
36	37	1
36	52	-1
37	38	-1
37	53	1
38	39	-1
38	54	1
39	40	2
39	55	-2
40	41	2
40	56	2
41	42	-2
41	57	-2
42	43	-1
42	58	-2
43	44	1
43	59	1
44	45	1
44	60	1
45	46	-1
45	61	2
46	47	2
46	62	-2
47	63	1
48	49	1
48	63	2
48	64	1
49	50	1
49	65	1
50	51	-2
50	66	2
51	52	-1
51	67	2
52	53	1
52	68	2
53	54	2
53	69	-2
54	55	-1
54	70	1
55	56	-2
55	71	1
56	57	1
56	72	-1
57	58	-2
57	73	-1
58	59	-1
58	74	-2
59	60	2
59	75	2
60	61	-2
60	76	-2
61	62	1
61	77	-1
62	63	2
62	78	1
63	79	2
64	65	2
64	79	-1
64	80	2
65	66	-2
65	81	-1
66	67	-2
66	82	-1
67	68	2
67	83	-1
68	69	-2
68	84	-1
69	70	1
69	85	2
70	71	-1
70	86	-2
71	72	-2
71	87	1
72	73	-2
72	88	1
73	74	1
73	89	2
74	75	-1
74	90	1
75	76	1
75	91	1
76	77	-2
76	92	-1
77	78	1
77	93	-2
78	79	-1
78	94	-1
79	95	1
80	81	2
80	95	2
80	96	-1
81	82	-1
81	97	1
82	83	2
82	98	-2
83	84	2
83	99	-1
84	85	-2
84	100	1
85	86	-1
85	101	2
86	87	-2
86	102	-2
87	88	-1
87	103	1
88	89	2
88	104	1
89	90	1
89	105	1
90	91	1
90	106	-2
91	92	1
91	107	1
92	93	1
92	108	-2
93	94	-2
93	109	2
94	95	-1
94	110	-1
95	111	-2
96	97	1
96	111	-1
96	112	2
97	98	-2
97	113	-1
98	99	1
98	114	1
99	100	2
99	115	2
100	101	-1
100	116	-1
101	102	-1
101	117	-2
102	103	2
102	118	-1
103	104	1
103	119	1
104	105	1
104	120	1
105	106	2
105	121	1
106	107	2
106	122	2
107	108	1
107	123	-1
108	109	2
108	124	1
109	110	-1
109	125	-1
110	111	2
110	126	-1
111	127	-2
112	113	2
112	127	2
112	128	-1
113	114	-2
113	129	-1
114	115	-2
114	130	2
115	116	1
115	131	-2
116	117	1
116	132	-2
117	118	2
117	133	-1
118	119	2
118	134	-2
119	120	2
119	135	-1
120	121	-1
120	136	1
121	122	-2
121	137	-1
122	123	1
122	138	1
123	124	-2
123	139	-2
124	125	2
124	140	-1
125	126	1
125	141	-1
126	127	-1
126	142	-1
127	143	-1
128	129	-1
128	143	-1
128	144	2
129	130	-1
129	145	2
130	131	1
130	146	-1
131	132	-1
131	147	-1
132	133	-2
132	148	-1
133	134	-2
133	149	-2
134	135	-1
134	150	-2
135	136	2
135	151	-2
136	137	-2
136	152	2
137	138	-2
137	153	1
138	139	2
138	154	1
139	140	1
139	155	-2
140	141	-2
140	156	-1
141	142	-1
141	157	1
142	143	-2
142	158	1
143	159	-1
144	145	1
144	159	-1
144	160	-1
145	146	1
145	161	-2
146	147	-1
146	162	-2
147	148	2
147	163	1
148	149	1
148	164	1
149	150	1
149	165	2
150	151	1
150	166	-2
151	152	-1
151	167	-1
152	153	2
152	168	-2
153	154	2
153	169	2
154	155	1
154	170	-1
155	156	1
155	171	-2
156	157	-2
156	172	2
157	158	-2
157	173	-1
158	159	-2
158	174	-2
159	175	2
160	161	2
160	175	-2
160	176	2
161	162	-2
161	177	2
162	163	-2
162	178	-1
163	164	-2
163	179	1
164	165	2
164	180	-2
165	166	1
165	181	2
166	167	-1
166	182	-1
167	168	2
167	183	-2
168	169	-1
168	184	-1
169	170	1
169	185	-1
170	171	1
170	186	-2
171	172	2
171	187	1
172	173	-2
172	188	-1
173	174	2
173	189	-2
174	175	-1
174	190	2
175	191	-1
176	177	-1
176	191	2
176	192	1
177	178	-2
177	193	-2
178	179	-2
178	194	-1
179	180	2
179	195	2
180	181	1
180	196	-1
181	182	-2
181	197	-1
182	183	2
182	198	-2
183	184	2
183	199	2
184	185	1
184	200	-1
185	186	2
185	201	-1
186	187	1
186	202	-1
187	188	2
187	203	-1
188	189	2
188	204	2
189	190	-2
189	205	1
190	191	-2
190	206	-2
191	207	1
192	193	1
192	207	-2
192	208	1
193	194	1
193	209	-2
194	195	-2
194	210	1
195	196	1
195	211	-2
196	197	2
196	212	1
197	198	2
197	213	-1
198	199	1
198	214	2
199	200	1
199	215	-2
200	201	-1
200	216	2
201	202	-2
201	217	-2
202	203	2
202	218	2
203	204	2
203	219	-1
204	205	-2
204	220	2
205	206	-2
205	221	2
206	207	-1
206	222	2
207	223	1
208	209	2
208	223	2
208	224	-1
209	210	-2
209	225	2
210	211	-1
210	226	1
211	212	1
211	227	1
212	213	2
212	228	1
213	214	-1
213	229	1
214	215	1
214	230	2
215	216	1
215	231	1
216	217	-1
216	232	1
217	218	1
217	233	1
218	219	1
218	234	1
219	220	2
219	235	-1
220	221	1
220	236	2
221	222	1
221	237	2
222	223	1
222	238	2
223	239	-1
224	225	1
224	239	-1
224	240	1
225	226	2
225	241	-2
226	227	-2
226	242	1
227	228	-1
227	243	1
228	229	-1
228	244	1
229	230	2
229	245	-1
230	231	2
230	246	1
231	232	-1
231	247	1
232	233	-1
232	248	1
233	234	-2
233	249	1
234	235	-1
234	250	2
235	236	1
235	251	-2
236	237	-2
236	252	2
237	238	-1
237	253	-1
238	239	-2
238	254	-1
239	255	2
240	241	1
240	255	1
241	242	-2
242	243	2
243	244	1
244	245	-1
245	246	1
246	247	-2
247	248	-2
248	249	1
249	250	-2
250	251	-1
251	252	2
252	253	-2
253	254	1
254	255	-2
