0	1	2
0	27	-1
0	28	1
0	756	-1
1	2	2
1	29	-1
1	757	2
2	3	-2
2	30	-2
2	758	-2
3	4	-1
3	31	-1
3	759	-2
4	5	-2
4	32	-2
4	760	1
5	6	1
5	33	1
5	761	-2
6	7	-2
6	34	-2
6	762	-2
7	8	2
7	35	-1
7	763	1
8	9	-1
8	36	-1
8	764	-2
9	10	1
9	37	-1
9	765	-1
10	11	-1
10	38	2
10	766	-1
11	12	2
11	39	1
11	767	-1
12	13	1
12	40	1
12	768	-1
13	14	-2
13	41	-1
13	769	-2
14	15	-2
14	42	1
14	770	2
15	16	-1
15	43	2
15	771	2
16	17	-1
16	44	1
16	772	1
17	18	-2
17	45	1
17	773	-2
18	19	-1
18	46	2
18	774	-2
19	20	2
19	47	2
19	775	-2
20	21	1
20	48	1
20	776	-1
21	22	1
21	49	-1
21	777	2
22	23	-2
22	50	-1
22	778	2
23	24	-2
23	51	-2
23	779	-1
24	25	-1
24	52	-2
24	780	-1
25	26	-2
25	53	-1
25	781	2
26	27	1
26	54	-2
26	782	1
27	55	-1
27	783	-1
28	29	1
28	55	2
28	56	-2
29	30	2
29	57	2
30	31	2
30	58	1
31	32	2
31	59	2
32	33	-2
32	60	1
33	34	-1
33	61	2
34	35	2
34	62	2
35	36	-2
35	63	-1
36	37	1
36	64	1
37	38	1
37	65	2
38	39	2
38	66	-2
39	40	-1
39	67	1
40	41	1
40	68	1
41	42	-1
41	69	1
42	43	1
42	70	1
43	44	1
43	71	1
44	45	1
44	72	-2
45	46	-1
45	73	-2
46	47	1
46	74	-2
47	48	1
47	75	-1
48	49	2
48	76	2
49	50	-1
49	77	2
50	51	1
50	78	-2
51	52	1
51	79	1
52	53	1
52	80	2
53	54	-2
53	81	1
54	55	-2
54	82	1
55	83	2
56	57	2
56	83	1
56	84	-2
57	58	-1
57	85	-1
58	59	-1
58	86	-2
59	60	-2
59	87	2
60	61	2
60	88	-2
61	62	1
61	89	2
62	63	-1
62	90	-2
63	64	-2
63	91	-1
64	65	1
64	92	-1
65	66	1
65	93	-1
66	67	-1
66	94	-2
67	68	1
67	95	-1
68	69	2
68	96	1
69	70	1
69	97	-1
70	71	2
70	98	1
71	72	2
71	99	1
72	73	1
72	100	1
73	74	2
73	101	1
74	75	-1
74	102	-2
75	76	2
75	103	-2
76	77	-1
76	104	2
77	78	-2
77	105	-1
78	79	-2
78	106	1
79	80	-1
79	107	1
80	81	1
80	108	-1
81	82	2
81	109	1
82	83	-1
82	110	1
83	111	1
84	85	-1
84	111	-2
84	112	2
85	86	-1
85	113	2
86	87	-1
86	114	2
87	88	2
87	115	-2
88	89	1
88	116	-2
89	90	2
89	117	2
90	91	2
90	118	2
91	92	1
91	119	2
92	93	-1
92	120	-2
93	94	2
93	121	1
94	95	2
94	122	-2
95	96	1
95	123	-1
96	97	2
96	124	-1
97	98	-1
97	125	2
98	99	-2
98	126	2
99	100	-2
99	127	1
100	101	-1
100	128	-1
101	102	-2
101	129	-2
102	103	1
102	130	-1
103	104	1
103	131	-1
104	105	-2
104	132	-2
105	106	-2
105	133	1
106	107	2
106	134	1
107	108	1
107	135	-2
108	109	2
108	136	-1
109	110	2
109	137	-1
110	111	1
110	138	-1
111	139	-1
112	113	-2
112	139	-1
112	140	2
113	114	2
113	141	1
114	115	-1
114	142	-2
115	116	-1
115	143	-1
116	117	1
116	144	-2
117	118	-1
117	145	1
118	119	2
118	146	1
119	120	1
119	147	-2
120	121	2
120	148	1
121	122	1
121	149	2
122	123	-1
122	150	-2
123	124	-1
123	151	1
124	125	-2
124	152	1
125	126	2
125	153	1
126	127	-1
126	154	-1
127	128	-2
127	155	-2
128	129	2
128	156	-1
129	130	2
129	157	-2
130	131	-1
130	158	-1
131	132	-2
131	159	-1
132	133	1
132	160	1
133	134	2
133	161	-1
134	135	-1
134	162	-2
135	136	-2
135	163	-2
136	137	-1
136	164	2
137	138	-1
137	165	1
138	139	-1
138	166	2
139	167	-1
140	141	1
140	167	-2
140	168	1
141	142	2
141	169	-2
142	143	2
142	170	-1
143	144	-1
143	171	2
144	145	1
144	172	-1
145	146	-2
145	173	2
146	147	2
146	174	1
147	148	2
147	175	-1
148	149	-1
148	176	1
149	150	2
149	177	-2
150	151	-2
150	178	2
151	152	2
151	179	1
152	153	1
152	180	2
153	154	-1
153	181	-2
154	155	1
154	182	2
155	156	-2
155	183	2
156	157	-1
156	184	-2
157	158	1
157	185	1
158	159	1
158	186	2
159	160	-2
159	187	-2
160	161	1
160	188	-2
161	162	-1
161	189	-2
162	163	1
162	190	2
163	164	-1
163	191	-1
164	165	2
164	192	1
165	166	-2
165	193	2
166	167	-2
166	194	2
167	195	1
168	169	-1
168	195	2
168	196	-1
169	170	-2
169	197	-1
170	171	2
170	198	-1
171	172	-2
171	199	-2
172	173	-1
172	200	-1
173	174	1
173	201	-1
174	175	-1
174	202	-1
175	176	2
175	203	1
176	177	1
176	204	1
177	178	1
177	205	-2
178	179	2
178	206	-1
179	180	-1
179	207	-2
180	181	2
180	208	1
181	182	-1
181	209	-2
182	183	2
182	210	-2
183	184	-1
183	211	-1
184	185	-2
184	212	1
185	186	-1
185	213	-1
186	187	1
186	214	2
187	188	1
187	215	2
188	189	-1
188	216	2
189	190	-2
189	217	-1
190	191	1
190	218	-2
191	192	-1
191	219	2
192	193	-1
192	220	-2
193	194	1
193	221	-2
194	195	2
194	222	2
195	223	1
196	197	2
196	223	-1
196	224	-1
197	198	-2
197	225	1
198	199	-1
198	226	2
199	200	-2
199	227	-2
200	201	1
200	228	2
201	202	1
201	229	-1
202	203	-1
202	230	1
203	204	1
203	231	2
204	205	2
204	232	2
205	206	-1
205	233	2
206	207	-2
206	234	-2
207	208	1
207	235	2
208	209	2
208	236	-2
209	210	1
209	237	2
210	211	-1
210	238	-1
211	212	2
211	239	-2
212	213	-1
212	240	-1
213	214	-1
213	241	1
214	215	-1
214	242	1
215	216	1
215	243	2
216	217	-2
216	244	1
217	218	-2
217	245	-2
218	219	2
218	246	1
219	220	-1
219	247	2
220	221	1
220	248	2
221	222	2
221	249	2
222	223	-2
222	250	-1
223	251	2
224	225	1
224	251	-2
224	252	-1
225	226	2
225	253	2
226	227	-2
226	254	-2
227	228	-1
227	255	1
228	229	1
228	256	1
229	230	1
229	257	-1
230	231	-2
230	258	1
231	232	-1
231	259	-2
232	233	1
232	260	-1
233	234	-1
233	261	1
234	235	-1
234	262	-1
235	236	1
235	263	2
236	237	-1
236	264	-1
237	238	1
237	265	-1
238	239	-1
238	266	2
239	240	-2
239	267	2
240	241	-2
240	268	2
241	242	1
241	269	-1
242	243	-1
242	270	1
243	244	-2
243	271	-1
244	245	2
244	272	1
245	246	-1
245	273	1
246	247	1
246	274	1
247	248	1
247	275	-1
248	249	2
248	276	1
249	250	1
249	277	2
250	251	2
250	278	-2
251	279	2
252	253	2
252	279	1
252	280	1
253	254	-1
253	281	-2
254	255	-2
254	282	-2
255	256	-2
255	283	1
256	257	2
256	284	1
257	258	1
257	285	1
258	259	-1
258	286	-1
259	260	-2
259	287	1
260	261	1
260	288	1
261	262	2
261	289	-1
262	263	-2
262	290	-1
263	264	-2
263	291	1
264	265	1
264	292	-2
265	266	-2
265	293	-1
266	267	1
266	294	2
267	268	-1
267	295	-2
268	269	-2
268	296	-1
269	270	1
269	297	1
270	271	-1
270	298	1
271	272	1
271	299	-1
272	273	-2
272	300	-2
273	274	-2
273	301	1
274	275	1
274	302	-2
275	276	-1
275	303	1
276	277	-2
276	304	1
277	278	2
277	305	-1
278	279	1
278	306	2
279	307	-1
280	281	1
280	307	1
280	308	1
281	282	1
281	309	-2
282	283	-1
282	310	2
283	284	2
283	311	2
284	285	1
284	312	2
285	286	1
285	313	-2
286	287	1
286	314	-1
287	288	2
287	315	-2
288	289	-2
288	316	2
289	290	-2
289	317	-2
290	291	-1
290	318	1
291	292	-1
291	319	1
292	293	1
292	320	1
293	294	-1
293	321	-1
294	295	2
294	322	-2
295	296	2
295	323	-1
296	297	1
296	324	-1
297	298	-1
297	325	-1
298	299	1
298	326	1
299	300	-2
299	327	1
300	301	-2
300	328	-1
301	302	-1
301	329	2
302	303	-1
302	330	2
303	304	1
303	331	2
304	305	-1
304	332	-2
305	306	2
305	333	2
306	307	-2
306	334	-1
307	335	-1
308	309	2
308	335	-2
308	336	-2
309	310	1
309	337	1
310	311	1
310	338	1
311	312	1
311	339	2
312	313	1
312	340	-1
313	314	-2
313	341	-2
314	315	-2
314	342	1
315	316	-1
315	343	-2
316	317	-1
316	344	1
317	318	-1
317	345	-1
318	319	1
318	346	-1
319	320	1
319	347	1
320	321	1
320	348	-1
321	322	-1
321	349	-2
322	323	-1
322	350	1
323	324	1
323	351	2
324	325	-1
324	352	-2
325	326	-1
325	353	2
326	327	-1
326	354	2
327	328	1
327	355	-2
328	329	-2
328	356	2
329	330	-2
329	357	-2
330	331	2
330	358	-1
331	332	1
331	359	1
332	333	-1
332	360	1
333	334	-2
333	361	2
334	335	1
334	362	1
335	363	-2
336	337	-1
336	363	1
336	364	-1
337	338	-2
337	365	-2
338	339	-2
338	366	-2
339	340	1
339	367	1
340	341	2
340	368	1
341	342	-1
341	369	2
342	343	-2
342	370	2
343	344	-2
343	371	1
344	345	1
344	372	2
345	346	1
345	373	1
346	347	2
346	374	-1
347	348	1
347	375	-2
348	349	-1
348	376	1
349	350	-2
349	377	1
350	351	-1
350	378	1
351	352	2
351	379	1
352	353	-2
352	380	1
353	354	1
353	381	-2
354	355	2
354	382	-1
355	356	2
355	383	-2
356	357	1
356	384	1
357	358	1
357	385	-2
358	359	-1
358	386	1
359	360	-1
359	387	2
360	361	1
360	388	1
361	362	2
361	389	1
362	363	-1
362	390	2
363	391	2
364	365	2
364	391	1
364	392	1
365	366	-1
365	393	1
366	367	-1
366	394	-1
367	368	2
367	395	-1
368	369	-2
368	396	-2
369	370	-1
369	397	2
370	371	1
370	398	1
371	372	-2
371	399	-1
372	373	-2
372	400	2
373	374	2
373	401	-1
374	375	-1
374	402	-1
375	376	2
375	403	-2
376	377	1
376	404	1
377	378	-1
377	405	-2
378	379	1
378	406	1
379	380	2
379	407	-1
380	381	-1
380	408	-2
381	382	1
381	409	1
382	383	-2
382	410	2
383	384	-2
383	411	-1
384	385	1
384	412	-2
385	386	1
385	413	-2
386	387	2
386	414	1
387	388	-1
387	415	2
388	389	-1
388	416	1
389	390	-1
389	417	-2
390	391	1
390	418	2
391	419	1
392	393	2
392	419	-1
392	420	-2
393	394	-1
393	421	2
394	395	-1
394	422	-2
395	396	-2
395	423	1
396	397	-1
396	424	-1
397	398	2
397	425	1
398	399	1
398	426	-1
399	400	-1
399	427	1
400	401	2
400	428	-2
401	402	-1
401	429	1
402	403	-2
402	430	-1
403	404	1
403	431	-2
404	405	1
404	432	2
405	406	-2
405	433	2
406	407	-2
406	434	1
407	408	-1
407	435	2
408	409	-1
408	436	1
409	410	-1
409	437	1
410	411	-2
410	438	-1
411	412	2
411	439	2
412	413	-2
412	440	-1
413	414	2
413	441	-1
414	415	1
414	442	1
415	416	1
415	443	-1
416	417	2
416	444	-2
417	418	-1
417	445	-2
418	419	-2
418	446	1
419	447	2
420	421	1
420	447	2
420	448	2
421	422	1
421	449	-1
422	423	-2
422	450	-1
423	424	-2
423	451	-1
424	425	-1
424	452	-2
425	426	1
425	453	1
426	427	1
426	454	-2
427	428	-1
427	455	2
428	429	1
428	456	1
429	430	-2
429	457	-1
430	431	2
430	458	-2
431	432	1
431	459	-2
432	433	-1
432	460	-2
433	434	2
433	461	-1
434	435	2
434	462	-2
435	436	-2
435	463	1
436	437	1
436	464	2
437	438	-1
437	465	-2
438	439	-1
438	466	-2
439	440	1
439	467	2
440	441	2
440	468	1
441	442	-2
441	469	1
442	443	1
442	470	1
443	444	-1
443	471	-2
444	445	-1
444	472	1
445	446	1
445	473	-1
446	447	1
446	474	1
447	475	-1
448	449	1
448	475	1
448	476	-2
449	450	-1
449	477	1
450	451	2
450	478	-2
451	452	2
451	479	-1
452	453	-2
452	480	-1
453	454	2
453	481	1
454	455	-2
454	482	-2
455	456	2
455	483	1
456	457	-1
456	484	-1
457	458	1
457	485	1
458	459	-1
458	486	1
459	460	-2
459	487	-2
460	461	1
460	488	1
461	462	-1
461	489	-2
462	463	2
462	490	1
463	464	2
463	491	1
464	465	1
464	492	2
465	466	1
465	493	1
466	467	-1
466	494	-1
467	468	-2
467	495	1
468	469	-1
468	496	1
469	470	2
469	497	-1
470	471	1
470	498	-2
471	472	-1
471	499	-1
472	473	-1
472	500	2
473	474	1
473	501	1
474	475	2
474	502	1
475	503	1
476	477	2
476	503	-2
476	504	-2
477	478	2
477	505	1
478	479	-1
478	506	-1
479	480	-1
479	507	2
480	481	-2
480	508	2
481	482	-1
481	509	1
482	483	-2
482	510	1
483	484	2
483	511	1
484	485	-1
484	512	2
485	486	1
485	513	-2
486	487	-2
486	514	-1
487	488	1
487	515	-2
488	489	1
488	516	-2
489	490	2
489	517	-1
490	491	-2
490	518	2
491	492	-2
491	519	2
492	493	-2
492	520	2
493	494	-2
493	521	1
494	495	-1
494	522	-2
495	496	-2
495	523	-2
496	497	-1
496	524	-1
497	498	1
497	525	-1
498	499	-2
498	526	1
499	500	-2
499	527	-2
500	501	1
500	528	-1
501	502	2
501	529	1
502	503	-2
502	530	-1
503	531	2
504	505	-2
504	531	-1
504	532	2
505	506	1
505	533	-1
506	507	1
506	534	1
507	508	1
507	535	-1
508	509	-2
508	536	-1
509	510	1
509	537	-1
510	511	-1
510	538	-2
511	512	-2
511	539	2
512	513	2
512	540	2
513	514	-2
513	541	-1
514	515	-2
514	542	1
515	516	-1
515	543	-1
516	517	2
516	544	-1
517	518	1
517	545	2
518	519	-2
518	546	1
519	520	1
519	547	2
520	521	1
520	548	1
521	522	-1
521	549	2
522	523	1
522	550	-1
523	524	1
523	551	1
524	525	1
524	552	1
525	526	1
525	553	2
526	527	1
526	554	-1
527	528	1
527	555	2
528	529	1
528	556	2
529	530	2
529	557	-2
530	531	-1
530	558	1
531	559	1
532	533	-1
532	559	-1
532	560	-2
533	534	-2
533	561	-1
534	535	1
534	562	1
535	536	1
535	563	-2
536	537	2
536	564	-1
537	538	2
537	565	-1
538	539	-1
538	566	-1
539	540	-1
539	567	1
540	541	1
540	568	-2
541	542	1
541	569	-2
542	543	-2
542	570	2
543	544	-2
543	571	-2
544	545	1
544	572	-2
545	546	1
545	573	-1
546	547	1
546	574	2
547	548	-1
547	575	1
548	549	-2
548	576	-1
549	550	-2
549	577	1
550	551	2
550	578	2
551	552	-1
551	579	1
552	553	-2
552	580	1
553	554	-1
553	581	-2
554	555	2
554	582	-2
555	556	-1
555	583	2
556	557	1
556	584	-1
557	558	1
557	585	1
558	559	1
558	586	-1
559	587	1
560	561	1
560	587	-2
560	588	1
561	562	-2
561	589	-1
562	563	1
562	590	1
563	564	-2
563	591	1
564	565	-1
564	592	1
565	566	-2
565	593	-1
566	567	-2
566	594	1
567	568	-2
567	595	2
568	569	-1
568	596	-2
569	570	1
569	597	2
570	571	2
570	598	1
571	572	1
571	599	-1
572	573	1
572	600	-2
573	574	1
573	601	-2
574	575	-2
574	602	-2
575	576	-1
575	603	-1
576	577	1
576	604	1
577	578	1
577	605	2
578	579	-2
578	606	-1
579	580	2
579	607	1
580	581	-1
580	608	-1
581	582	1
581	609	-1
582	583	-2
582	610	-2
583	584	-1
583	611	2
584	585	-1
584	612	-1
585	586	1
585	613	2
586	587	-2
586	614	2
587	615	1
588	589	1
588	615	-1
588	616	-1
589	590	2
589	617	1
590	591	-1
590	618	-2
591	592	-1
591	619	2
592	593	-2
592	620	-1
593	594	2
593	621	-1
594	595	1
594	622	-2
595	596	1
595	623	2
596	597	-1
596	624	-1
597	598	2
597	625	2
598	599	2
598	626	-1
599	600	-2
599	627	2
600	601	-2
600	628	-1
601	602	-1
601	629	-1
602	603	1
602	630	-1
603	604	-1
603	631	1
604	605	-2
604	632	-1
605	606	2
605	633	2
606	607	-2
606	634	-1
607	608	1
607	635	1
608	609	1
608	636	1
609	610	2
609	637	-1
610	611	-1
610	638	-2
611	612	2
611	639	-1
612	613	-1
612	640	-2
613	614	1
613	641	1
614	615	1
614	642	2
615	643	-2
616	617	1
616	643	1
616	644	-2
617	618	2
617	645	-1
618	619	1
618	646	1
619	620	-2
619	647	-2
620	621	-1
620	648	-2
621	622	-1
621	649	1
622	623	-2
622	650	-1
623	624	2
623	651	-2
624	625	1
624	652	1
625	626	1
625	653	1
626	627	1
626	654	-2
627	628	-2
627	655	-1
628	629	2
628	656	-2
629	630	1
629	657	2
630	631	1
630	658	-2
631	632	-1
631	659	1
632	633	2
632	660	1
633	634	2
633	661	-2
634	635	-1
634	662	1
635	636	-1
635	663	-1
636	637	-2
636	664	-2
637	638	-1
637	665	1
638	639	2
638	666	2
639	640	-1
639	667	1
640	641	-1
640	668	-2
641	642	-2
641	669	-1
642	643	1
642	670	2
643	671	2
644	645	-2
644	671	-1
644	672	-1
645	646	-2
645	673	-1
646	647	1
646	674	-2
647	648	-1
647	675	1
648	649	-2
648	676	-1
649	650	-2
649	677	1
650	651	1
650	678	-1
651	652	2
651	679	1
652	653	-1
652	680	-2
653	654	-2
653	681	2
654	655	-2
654	682	-1
655	656	1
655	683	1
656	657	1
656	684	-1
657	658	-2
657	685	-2
658	659	2
658	686	1
659	660	-1
659	687	1
660	661	2
660	688	1
661	662	1
661	689	-1
662	663	-1
662	690	1
663	664	1
663	691	2
664	665	-1
664	692	1
665	666	-2
665	693	-1
666	667	-1
666	694	-1
667	668	1
667	695	2
668	669	2
668	696	1
669	670	-1
669	697	2
670	671	-1
670	698	-2
671	699	-1
672	673	1
672	699	1
672	700	-1
673	674	1
673	701	-2
674	675	-2
674	702	2
675	676	-1
675	703	-1
676	677	-1
676	704	-1
677	678	-2
677	705	1
678	679	2
678	706	-2
679	680	2
679	707	-1
680	681	2
680	708	2
681	682	-1
681	709	-1
682	683	1
682	710	-1
683	684	1
683	711	2
684	685	2
684	712	-2
685	686	-1
685	713	2
686	687	1
686	714	1
687	688	1
687	715	1
688	689	-1
688	716	-1
689	690	1
689	717	2
690	691	2
690	718	2
691	692	-2
691	719	-1
692	693	1
692	720	-2
693	694	2
693	721	1
694	695	1
694	722	2
695	696	-2
695	723	-2
696	697	-1
696	724	-2
697	698	-1
697	725	-1
698	699	2
698	726	-2
699	727	1
700	701	-2
700	727	-1
700	728	1
701	702	1
701	729	2
702	703	-1
702	730	-2
703	704	2
703	731	2
704	705	-1
704	732	-2
705	706	2
705	733	-2
706	707	-1
706	734	-2
707	708	2
707	735	1
708	709	2
708	736	-1
709	710	2
709	737	1
710	711	2
710	738	-2
711	712	1
711	739	2
712	713	1
712	740	2
713	714	2
713	741	-1
714	715	-1
714	742	-2
715	716	1
715	743	-2
716	717	-2
716	744	-2
717	718	2
717	745	1
718	719	2
718	746	1
719	720	2
719	747	1
720	721	1
720	748	1
721	722	2
721	749	-1
722	723	2
722	750	-2
723	724	1
723	751	1
724	725	1
724	752	1
725	726	-1
725	753	2
726	727	2
726	754	2
727	755	-1
728	729	-2
728	755	-1
728	756	1
729	730	2
729	757	2
730	731	1
730	758	-1
731	732	1
731	759	-1
732	733	-2
732	760	1
733	734	-1
733	761	2
734	735	1
734	762	-1
735	736	2
735	763	-2
736	737	2
736	764	1
737	738	1
737	765	-2
738	739	-1
738	766	1
739	740	-2
739	767	-1
740	741	-2
740	768	2
741	742	-1
741	769	-2
742	743	-2
742	770	1
743	744	-2
743	771	-1
744	745	1
744	772	-1
745	746	-1
745	773	2
746	747	1
746	774	-1
747	748	-2
747	775	-2
748	749	1
748	776	1
749	750	-2
749	777	-1
750	751	-1
750	778	2
751	752	-1
751	779	2
752	753	1
752	780	1
753	754	1
753	781	1
754	755	-2
754	782	-1
755	783	1
756	757	1
756	783	1
757	758	1
758	759	-1
759	760	-1
760	761	2
761	762	-2
762	763	-2
763	764	2
764	765	2
765	766	-1
766	767	-1
767	768	-1
768	769	-1
769	770	-1
770	771	-1
771	772	2
772	773	2
773	774	1
774	775	-2
775	776	-1
776	777	1
777	778	-1
778	779	1
779	780	2
780	781	-1
781	782	1
782	783	-2
