0	1	1
0	27	1
0	28	-1
0	756	1
1	2	-2
1	29	1
1	757	2
2	3	-1
2	30	2
2	758	-1
3	4	-1
3	31	1
3	759	1
4	5	-2
4	32	2
4	760	1
5	6	2
5	33	-1
5	761	2
6	7	-1
6	34	-1
6	762	1
7	8	2
7	35	2
7	763	2
8	9	-1
8	36	1
8	764	-1
9	10	-2
9	37	-2
9	765	1
10	11	2
10	38	-1
10	766	-1
11	12	1
11	39	2
11	767	1
12	13	-2
12	40	-2
12	768	2
13	14	2
13	41	-2
13	769	2
14	15	1
14	42	2
14	770	-1
15	16	1
15	43	1
15	771	1
16	17	-2
16	44	-1
16	772	-2
17	18	-2
17	45	1
17	773	2
18	19	-1
18	46	-2
18	774	1
19	20	-2
19	47	2
19	775	-2
20	21	1
20	48	-1
20	776	-2
21	22	2
21	49	-1
21	777	1
22	23	-2
22	50	2
22	778	-1
23	24	2
23	51	-1
23	779	1
24	25	-2
24	52	-2
24	780	-1
25	26	2
25	53	-1
25	781	-1
26	27	2
26	54	-1
26	782	-1
27	55	-2
27	783	1
28	29	1
28	55	1
28	56	2
29	30	2
29	57	-2
30	31	1
30	58	-1
31	32	1
31	59	2
32	33	-1
32	60	-2
33	34	2
33	61	-1
34	35	-2
34	62	-1
35	36	1
35	63	-1
36	37	-2
36	64	1
37	38	1
37	65	2
38	39	1
38	66	-2
39	40	1
39	67	-1
40	41	1
40	68	2
41	42	-2
41	69	-2
42	43	-2
42	70	-1
43	44	2
43	71	-1
44	45	-2
44	72	1
45	46	-2
45	73	1
46	47	-2
46	74	-1
47	48	2
47	75	-2
48	49	-1
48	76	2
49	50	-2
49	77	-1
50	51	-1
50	78	-1
51	52	1
51	79	-1
52	53	1
52	80	1
53	54	1
53	81	2
54	55	-2
54	82	-1
55	83	1
56	57	-2
56	83	-2
56	84	2
57	58	-1
57	85	1
58	59	-2
58	86	1
59	60	2
59	87	1
60	61	2
60	88	-2
61	62	-2
61	89	-2
62	63	-2
62	90	1
63	64	1
63	91	2
64	65	-2
64	92	-2
65	66	1
65	93	1
66	67	1
66	94	1
67	68	2
67	95	-1
68	69	2
68	96	-1
69	70	1
69	97	2
70	71	-1
70	98	-2
71	72	2
71	99	-1
72	73	-1
72	100	-1
73	74	-2
73	101	1
74	75	1
74	102	-1
75	76	1
75	103	1
76	77	-1
76	104	-1
77	78	1
77	105	1
78	79	-1
78	106	-2
79	80	1
79	107	-2
80	81	-1
80	108	-2
81	82	2
81	109	-2
82	83	-1
82	110	1
83	111	2
84	85	1
84	111	-2
84	112	-1
85	86	1
85	113	-2
86	87	2
86	114	-1
87	88	-2
87	115	-2
88	89	-1
88	116	1
89	90	-2
89	117	-2
90	91	2
90	118	2
91	92	-2
91	119	1
92	93	-1
92	120	2
93	94	2
93	121	1
94	95	1
94	122	-1
95	96	-1
95	123	2
96	97	1
96	124	-1
97	98	2
97	125	2
98	99	2
98	126	2
99	100	-2
99	127	-2
100	101	-2
100	128	2
101	102	2
101	129	-2
102	103	1
102	130	-1
103	104	2
103	131	1
104	105	-1
104	132	-1
105	106	2
105	133	2
106	107	2
106	134	2
107	108	1
107	135	-1
108	109	2
108	136	2
109	110	-2
109	137	1
110	111	2
110	138	2
111	139	-2
112	113	-1
112	139	2
112	140	-2
113	114	-2
113	141	-1
114	115	1
114	142	-2
115	116	-1
115	143	-2
116	117	2
116	144	2
117	118	-1
117	145	1
118	119	-1
118	146	-1
119	120	1
119	147	-2
120	121	1
120	148	1
121	122	1
121	149	1
122	123	-1
122	150	-1
123	124	-1
123	151	1
124	125	-2
124	152	-2
125	126	-1
125	153	1
126	127	-2
126	154	2
127	128	-1
127	155	-2
128	129	-1
128	156	2
129	130	-1
129	157	-1
130	131	2
130	158	1
131	132	1
131	159	-2
132	133	2
132	160	2
133	134	-1
133	161	1
134	135	1
134	162	1
135	136	1
135	163	-2
136	137	1
136	164	1
137	138	1
137	165	1
138	139	-1
138	166	-1
139	167	2
140	141	2
140	167	-2
140	168	2
141	142	1
141	169	-1
142	143	-2
142	170	-2
143	144	2
143	171	-1
144	145	-1
144	172	1
145	146	2
145	173	2
146	147	2
146	174	1
147	148	-2
147	175	2
148	149	-1
148	176	2
149	150	-1
149	177	-2
150	151	-1
150	178	-1
151	152	2
151	179	-2
152	153	-2
152	180	-1
153	154	-1
153	181	-2
154	155	-1
154	182	-1
155	156	-2
155	183	1
156	157	-2
156	184	-2
157	158	2
157	185	2
158	159	1
158	186	-1
159	160	1
159	187	1
160	161	-1
160	188	-2
161	162	-1
161	189	-1
162	163	1
162	190	1
163	164	1
163	191	-1
164	165	-2
164	192	-1
165	166	2
165	193	-1
166	167	-1
166	194	-1
167	195	-1
168	169	-1
168	195	-1
168	196	-1
169	170	-2
169	197	1
170	171	1
170	198	1
171	172	1
171	199	-1
172	173	-1
172	200	2
173	174	-1
173	201	1
174	175	1
174	202	1
175	176	1
175	203	-2
176	177	2
176	204	2
177	178	1
177	205	1
178	179	2
178	206	-2
179	180	-2
179	207	-1
180	181	2
180	208	-2
181	182	2
181	209	-1
182	183	-1
182	210	2
183	184	-2
183	211	1
184	185	1
184	212	1
185	186	2
185	213	-2
186	187	1
186	214	-1
187	188	2
187	215	-1
188	189	1
188	216	2
189	190	-1
189	217	1
190	191	-2
190	218	1
191	192	-1
191	219	-2
192	193	-2
192	220	-1
193	194	-1
193	221	1
194	195	-1
194	222	-2
195	223	2
196	197	-2
196	223	-1
196	224	-1
197	198	1
197	225	1
198	199	1
198	226	-1
199	200	2
199	227	1
200	201	2
200	228	2
201	202	1
201	229	-2
202	203	2
202	230	2
203	204	-1
203	231	-1
204	205	-1
204	232	1
205	206	2
205	233	-2
206	207	-2
206	234	2
207	208	-1
207	235	2
208	209	-1
208	236	-2
209	210	-2
209	237	1
210	211	2
210	238	1
211	212	2
211	239	-1
212	213	1
212	240	2
213	214	-1
213	241	-2
214	215	-1
214	242	1
215	216	-2
215	243	2
216	217	-2
216	244	-1
217	218	1
217	245	2
218	219	-1
218	246	2
219	220	-1
219	247	-1
220	221	-2
220	248	-1
221	222	-1
221	249	-1
222	223	-1
222	250	-1
223	251	-2
224	225	-1
224	251	2
224	252	-1
225	226	1
225	253	-2
226	227	2
226	254	-1
227	228	-2
227	255	-1
228	229	-1
228	256	-1
229	230	2
229	257	2
230	231	-2
230	258	1
231	232	-1
231	259	1
232	233	1
232	260	2
233	234	1
233	261	-2
234	235	-2
234	262	-2
235	236	-1
235	263	-1
236	237	1
236	264	1
237	238	2
237	265	2
238	239	-1
238	266	-2
239	240	1
239	267	-2
240	241	-1
240	268	2
241	242	-2
241	269	2
242	243	-2
242	270	1
243	244	-2
243	271	-2
244	245	-2
244	272	-1
245	246	-1
245	273	-1
246	247	1
246	274	-1
247	248	1
247	275	2
248	249	1
248	276	2
249	250	1
249	277	-1
250	251	2
250	278	-1
251	279	1
252	253	2
252	279	-1
252	280	-1
253	254	-2
253	281	-1
254	255	-2
254	282	-2
255	256	1
255	283	1
256	257	-2
256	284	-1
257	258	1
257	285	1
258	259	2
258	286	1
259	260	2
259	287	1
260	261	1
260	288	-2
261	262	-1
261	289	2
262	263	2
262	290	1
263	264	-2
263	291	2
264	265	-2
264	292	1
265	266	-1
265	293	1
266	267	1
266	294	1
267	268	2
267	295	-2
268	269	1
268	296	1
269	270	-1
269	297	-2
270	271	-1
270	298	2
271	272	2
271	299	2
272	273	2
272	300	-2
273	274	-1
273	301	-1
274	275	2
274	302	2
275	276	-1
275	303	-2
276	277	2
276	304	-1
277	278	2
277	305	-1
278	279	2
278	306	2
279	307	-1
280	281	1
280	307	1
280	308	-1
281	282	2
281	309	-1
282	283	-1
282	310	1
283	284	1
283	311	-1
284	285	2
284	312	-2
285	286	-1
285	313	1
286	287	1
286	314	1
287	288	1
287	315	-2
288	289	-2
288	316	-1
289	290	2
289	317	-2
290	291	-1
290	318	-1
291	292	1
291	319	-1
292	293	1
292	320	-1
293	294	1
293	321	1
294	295	-1
294	322	-1
295	296	2
295	323	2
296	297	1
296	324	-1
297	298	-2
297	325	1
298	299	-2
298	326	2
299	300	1
299	327	-1
300	301	-2
300	328	2
301	302	-2
301	329	1
302	303	1
302	330	-2
303	304	2
303	331	1
304	305	-2
304	332	1
305	306	1
305	333	-1
306	307	-2
306	334	1
307	335	2
308	309	-1
308	335	-2
308	336	1
309	310	2
309	337	-2
310	311	-1
310	338	1
311	312	-1
311	339	1
312	313	1
312	340	-1
313	314	2
313	341	-2
314	315	1
314	342	2
315	316	-1
315	343	-2
316	317	2
316	344	-2
317	318	-2
317	345	2
318	319	1
318	346	-2
319	320	2
319	347	-1
320	321	1
320	348	2
321	322	1
321	349	1
322	323	-1
322	350	-1
323	324	-1
323	351	-1
324	325	1
324	352	-1
325	326	1
325	353	-2
326	327	-2
326	354	1
327	328	-2
327	355	1
328	329	1
328	356	-2
329	330	-1
329	357	2
330	331	2
330	358	-2
331	332	-1
331	359	1
332	333	-2
332	360	1
333	334	1
333	361	1
334	335	1
334	362	-1
335	363	-1
336	337	-1
336	363	-2
336	364	1
337	338	1
337	365	1
338	339	2
338	366	-1
339	340	-1
339	367	-2
340	341	2
340	368	2
341	342	1
341	369	1
342	343	-1
342	370	2
343	344	1
343	371	-2
344	345	-2
344	372	1
345	346	-1
345	373	-2
346	347	1
346	374	1
347	348	1
347	375	-1
348	349	2
348	376	1
349	350	1
349	377	-2
350	351	1
350	378	2
351	352	2
351	379	1
352	353	-1
352	380	2
353	354	2
353	381	-1
354	355	-1
354	382	-1
355	356	-2
355	383	2
356	357	-1
356	384	2
357	358	-1
357	385	-1
358	359	-2
358	386	-2
359	360	1
359	387	-2
360	361	1
360	388	-2
361	362	1
361	389	-1
362	363	1
362	390	-2
363	391	2
364	365	1
364	391	1
364	392	1
365	366	-2
365	393	2
366	367	-1
366	394	-2
367	368	-1
367	395	2
368	369	-2
368	396	1
369	370	-1
369	397	2
370	371	-1
370	398	2
371	372	1
371	399	2
372	373	-1
372	400	-2
373	374	-1
373	401	-1
374	375	1
374	402	-1
375	376	-1
375	403	-2
376	377	1
376	404	-1
377	378	2
377	405	-1
378	379	-2
378	406	1
379	380	-2
379	407	1
380	381	-2
380	408	-2
381	382	-1
381	409	1
382	383	-2
382	410	-1
383	384	-1
383	411	-1
384	385	-1
384	412	1
385	386	-1
385	413	2
386	387	1
386	414	-2
387	388	-1
387	415	2
388	389	-2
388	416	1
389	390	-2
389	417	-1
390	391	2
390	418	2
391	419	1
392	393	1
392	419	-1
392	420	-1
393	394	-1
393	421	1
394	395	1
394	422	2
395	396	2
395	423	-1
396	397	-1
396	424	1
397	398	1
397	425	-2
398	399	-1
398	426	2
399	400	2
399	427	-1
400	401	1
400	428	2
401	402	1
401	429	-2
402	403	2
402	430	2
403	404	2
403	431	-2
404	405	1
404	432	2
405	406	2
405	433	-1
406	407	1
406	434	-1
407	408	-1
407	435	-1
408	409	2
408	436	1
409	410	-1
409	437	1
410	411	-1
410	438	-1
411	412	-1
411	439	-1
412	413	1
412	440	-2
413	414	-2
413	441	1
414	415	1
414	442	-2
415	416	1
415	443	2
416	417	-1
416	444	-1
417	418	-1
417	445	2
418	419	-1
418	446	-2
419	447	-1
420	421	1
420	447	-1
420	448	-1
421	422	2
421	449	-1
422	423	2
422	450	-2
423	424	-1
423	451	2
424	425	-1
424	452	-1
425	426	-2
425	453	2
426	427	-2
426	454	1
427	428	1
427	455	1
428	429	2
428	456	1
429	430	2
429	457	2
430	431	1
430	458	2
431	432	-2
431	459	1
432	433	2
432	460	1
433	434	-1
433	461	-1
434	435	-1
434	462	1
435	436	-2
435	463	1
436	437	-2
436	464	2
437	438	2
437	465	-1
438	439	1
438	466	-2
439	440	2
439	467	-2
440	441	2
440	468	-1
441	442	-2
441	469	-2
442	443	1
442	470	-2
443	444	-1
443	471	1
444	445	-1
444	472	2
445	446	2
445	473	2
446	447	2
446	474	-1
447	475	1
448	449	1
448	475	-1
448	476	-1
449	450	-1
449	477	-1
450	451	1
450	478	2
451	452	-2
451	479	2
452	453	-1
452	480	-2
453	454	2
453	481	-2
454	455	1
454	482	-2
455	456	-2
455	483	-1
456	457	2
456	484	-2
457	458	-1
457	485	1
458	459	-1
458	486	2
459	460	1
459	487	-1
460	461	-2
460	488	-1
461	462	-2
461	489	1
462	463	1
462	490	-1
463	464	1
463	491	2
464	465	-2
464	492	1
465	466	-2
465	493	-2
466	467	1
466	494	-1
467	468	-2
467	495	2
468	469	-2
468	496	2
469	470	1
469	497	-1
470	471	-1
470	498	2
471	472	2
471	499	-2
472	473	1
472	500	1
473	474	1
473	501	-1
474	475	-1
474	502	2
475	503	-2
476	477	-1
476	503	-2
476	504	-1
477	478	1
477	505	1
478	479	-2
478	506	1
479	480	-1
479	507	-2
480	481	1
480	508	2
481	482	1
481	509	-2
482	483	-2
482	510	1
483	484	-2
483	511	2
484	485	1
484	512	1
485	486	2
485	513	-1
486	487	-2
486	514	-2
487	488	-2
487	515	1
488	489	-2
488	516	2
489	490	1
489	517	2
490	491	2
490	518	-2
491	492	-1
491	519	-1
492	493	-1
492	520	-2
493	494	1
493	521	1
494	495	2
494	522	-2
495	496	-2
495	523	1
496	497	-2
496	524	-1
497	498	-2
497	525	2
498	499	-1
498	526	1
499	500	-1
499	527	1
500	501	2
500	528	-1
501	502	2
501	529	2
502	503	-1
502	530	-1
503	531	1
504	505	-1
504	531	-1
504	532	-2
505	506	-1
505	533	-1
506	507	2
506	534	1
507	508	-1
507	535	1
508	509	1
508	536	-2
509	510	1
509	537	1
510	511	-2
510	538	1
511	512	1
511	539	-2
512	513	-2
512	540	1
513	514	-1
513	541	-1
514	515	-2
514	542	1
515	516	1
515	543	2
516	517	-1
516	544	-2
517	518	2
517	545	1
518	519	-2
518	546	-1
519	520	2
519	547	2
520	521	2
520	548	1
521	522	2
521	549	-2
522	523	-2
522	550	-2
523	524	-2
523	551	2
524	525	-2
524	552	2
525	526	1
525	553	1
526	527	-1
526	554	-2
527	528	-1
527	555	-1
528	529	-1
528	556	-1
529	530	2
529	557	1
530	531	1
530	558	-2
531	559	-2
532	533	1
532	559	1
532	560	1
533	534	-1
533	561	-2
534	535	-1
534	562	-1
535	536	1
535	563	-1
536	537	1
536	564	-2
537	538	2
537	565	2
538	539	-2
538	566	1
539	540	-1
539	567	-1
540	541	-2
540	568	-2
541	542	2
541	569	2
542	543	2
542	570	1
543	544	-1
543	571	1
544	545	-1
544	572	-2
545	546	-2
545	573	1
546	547	-1
546	574	-2
547	548	1
547	575	2
548	549	1
548	576	-1
549	550	2
549	577	-1
550	551	-1
550	578	-2
551	552	1
551	579	-1
552	553	2
552	580	-2
553	554	-2
553	581	1
554	555	1
554	582	1
555	556	2
555	583	1
556	557	-1
556	584	2
557	558	-2
557	585	-1
558	559	-1
558	586	1
559	587	2
560	561	1
560	587	-2
560	588	-1
561	562	2
561	589	-1
562	563	-1
562	590	-2
563	564	-2
563	591	-1
564	565	-1
564	592	2
565	566	-1
565	593	-2
566	567	1
566	594	2
567	568	1
567	595	2
568	569	-1
568	596	-1
569	570	-1
569	597	-2
570	571	-1
570	598	-1
571	572	-1
571	599	-2
572	573	1
572	600	1
573	574	-1
573	601	2
574	575	-2
574	602	-1
575	576	2
575	603	2
576	577	-2
576	604	2
577	578	-2
577	605	1
578	579	-1
578	606	2
579	580	-2
579	607	-2
580	581	1
580	608	-1
581	582	2
581	609	1
582	583	1
582	610	2
583	584	-2
583	611	-2
584	585	1
584	612	-2
585	586	-1
585	613	2
586	587	-1
586	614	-1
587	615	1
588	589	-1
588	615	1
588	616	2
589	590	2
589	617	-1
590	591	2
590	618	-1
591	592	1
591	619	2
592	593	-2
592	620	1
593	594	2
593	621	1
594	595	-1
594	622	-2
595	596	-2
595	623	2
596	597	2
596	624	-1
597	598	-1
597	625	-2
598	599	2
598	626	-1
599	600	-2
599	627	-2
600	601	-2
600	628	-2
601	602	-1
601	629	2
602	603	-1
602	630	-2
603	604	2
603	631	-1
604	605	2
604	632	1
605	606	1
605	633	-1
606	607	-2
606	634	-1
607	608	-2
607	635	-2
608	609	1
608	636	-1
609	610	1
609	637	1
610	611	2
610	638	-1
611	612	-2
611	639	2
612	613	2
612	640	1
613	614	1
613	641	-1
614	615	-1
614	642	1
615	643	-2
616	617	1
616	643	1
616	644	1
617	618	-1
617	645	-1
618	619	-2
618	646	-1
619	620	-2
619	647	2
620	621	1
620	648	-2
621	622	2
621	649	2
622	623	1
622	650	1
623	624	-1
623	651	1
624	625	2
624	652	2
625	626	2
625	653	-1
626	627	1
626	654	-1
627	628	1
627	655	1
628	629	2
628	656	-2
629	630	-1
629	657	-1
630	631	-1
630	658	-2
631	632	2
631	659	-1
632	633	2
632	660	2
633	634	-2
633	661	1
634	635	1
634	662	1
635	636	2
635	663	-1
636	637	1
636	664	2
637	638	1
637	665	-1
638	639	2
638	666	-2
639	640	1
639	667	1
640	641	-2
640	668	-1
641	642	1
641	669	-2
642	643	-1
642	670	-1
643	671	1
644	645	1
644	671	1
644	672	-1
645	646	-2
645	673	1
646	647	-1
646	674	1
647	648	-1
647	675	2
648	649	1
648	676	-1
649	650	-1
649	677	-2
650	651	-1
650	678	2
651	652	2
651	679	2
652	653	2
652	680	1
653	654	-2
653	681	2
654	655	1
654	682	-2
655	656	-2
655	683	2
656	657	-1
656	684	2
657	658	2
657	685	2
658	659	1
658	686	-2
659	660	-2
659	687	2
660	661	-2
660	688	-1
661	662	1
661	689	-1
662	663	1
662	690	1
663	664	-1
663	691	-1
664	665	1
664	692	1
665	666	2
665	693	-2
666	667	2
666	694	-2
667	668	-2
667	695	2
668	669	2
668	696	1
669	670	2
669	697	-1
670	671	-1
670	698	-2
671	699	1
672	673	1
672	699	1
672	700	-1
673	674	2
673	701	-1
674	675	-1
674	702	-2
675	676	-2
675	703	-1
676	677	1
676	704	1
677	678	-1
677	705	-2
678	679	-2
678	706	1
679	680	-1
679	707	1
680	681	-2
680	708	1
681	682	-1
681	709	2
682	683	-2
682	710	-2
683	684	1
683	711	-1
684	685	1
684	712	1
685	686	1
685	713	-2
686	687	-1
686	714	1
687	688	-2
687	715	1
688	689	-1
688	716	1
689	690	1
689	717	1
690	691	-1
690	718	-2
691	692	-1
691	719	-2
692	693	-1
692	720	2
693	694	-1
693	721	-2
694	695	-2
694	722	2
695	696	2
695	723	1
696	697	-1
696	724	-2
697	698	-1
697	725	1
698	699	-1
698	726	-1
699	727	-1
700	701	-1
700	727	2
700	728	-2
701	702	1
701	729	-1
702	703	1
702	730	-2
703	704	-2
703	731	1
704	705	1
704	732	1
705	706	1
705	733	-1
706	707	2
706	734	1
707	708	1
707	735	-2
708	709	1
708	736	2
709	710	-2
709	737	1
710	711	1
710	738	2
711	712	2
711	739	-2
712	713	2
712	740	-1
713	714	1
713	741	-1
714	715	1
714	742	-1
715	716	1
715	743	-2
716	717	1
716	744	-2
717	718	-1
717	745	1
718	719	1
718	746	-1
719	720	1
719	747	1
720	721	-2
720	748	1
721	722	-1
721	749	2
722	723	1
722	750	2
723	724	1
723	751	1
724	725	-2
724	752	-2
725	726	1
725	753	2
726	727	1
726	754	-2
727	755	2
728	729	-2
728	755	1
728	756	2
729	730	-2
729	757	1
730	731	-2
730	758	-2
731	732	2
731	759	1
732	733	1
732	760	-1
733	734	2
733	761	1
734	735	2
734	762	-1
735	736	1
735	763	1
736	737	2
736	764	2
737	738	1
737	765	1
738	739	1
738	766	2
739	740	-1
739	767	1
740	741	1
740	768	1
741	742	-1
741	769	2
742	743	1
742	770	-1
743	744	-2
743	771	1
744	745	-1
744	772	-2
745	746	-1
745	773	-2
746	747	1
746	774	2
747	748	-1
747	775	-1
748	749	1
748	776	1
749	750	1
749	777	-2
750	751	1
750	778	1
751	752	1
751	779	-1
752	753	2
752	780	-2
753	754	2
753	781	1
754	755	1
754	782	1
755	783	-1
756	757	1
756	783	-1
757	758	-2
758	759	-2
759	760	1
760	761	1
761	762	-1
762	763	2
763	764	1
764	765	-2
765	766	-2
766	767	-2
767	768	-2
768	769	-1
769	770	2
770	771	1
771	772	2
772	773	1
773	774	2
774	775	2
775	776	1
776	777	2
777	778	1
778	779	1
779	780	2
780	781	2
781	782	-2
782	783	1
