0	1	-1
0	27	2
0	28	1
0	756	-2
1	2	2
1	29	1
1	757	-2
2	3	-2
2	30	-1
2	758	1
3	4	1
3	31	1
3	759	2
4	5	2
4	32	-1
4	760	1
5	6	-2
5	33	-1
5	761	-2
6	7	-1
6	34	1
6	762	2
7	8	2
7	35	1
7	763	2
8	9	-2
8	36	2
8	764	1
9	10	2
9	37	1
9	765	-1
10	11	1
10	38	-2
10	766	1
11	12	-1
11	39	2
11	767	-2
12	13	-2
12	40	-2
12	768	-2
13	14	-2
13	41	-2
13	769	-2
14	15	2
14	42	-1
14	770	1
15	16	2
15	43	2
15	771	1
16	17	-1
16	44	-2
16	772	1
17	18	1
17	45	1
17	773	-1
18	19	-2
18	46	-1
18	774	-1
19	20	1
19	47	2
19	775	-1
20	21	2
20	48	2
20	776	2
21	22	1
21	49	1
21	777	1
22	23	-1
22	50	2
22	778	-1
23	24	1
23	51	2
23	779	-1
24	25	-2
24	52	-2
24	780	2
25	26	2
25	53	-1
25	781	-1
26	27	2
26	54	1
26	782	-2
27	55	2
27	783	1
28	29	1
28	55	2
28	56	1
29	30	-2
29	57	-1
30	31	-1
30	58	2
31	32	2
31	59	1
32	33	-1
32	60	-2
33	34	-2
33	61	-2
34	35	1
34	62	2
35	36	-2
35	63	2
36	37	2
36	64	1
37	38	1
37	65	-1
38	39	1
38	66	1
39	40	1
39	67	-2
40	41	1
40	68	2
41	42	1
41	69	1
42	43	2
42	70	1
43	44	-2
43	71	-2
44	45	-2
44	72	-1
45	46	2
45	73	2
46	47	-1
46	74	-2
47	48	-1
47	75	1
48	49	-2
48	76	1
49	50	2
49	77	2
50	51	2
50	78	1
51	52	-2
51	79	-1
52	53	1
52	80	-1
53	54	2
53	81	-1
54	55	-1
54	82	-1
55	83	1
56	57	-1
56	83	-2
56	84	-2
57	58	-1
57	85	1
58	59	2
58	86	2
59	60	2
59	87	1
60	61	-2
60	88	2
61	62	-1
61	89	-2
62	63	2
62	90	-2
63	64	2
63	91	-1
64	65	-2
64	92	1
65	66	1
65	93	-1
66	67	-1
66	94	1
67	68	2
67	95	2
68	69	1
68	96	2
69	70	-1
69	97	-2
70	71	2
70	98	-1
71	72	2
71	99	1
72	73	-2
72	100	-2
73	74	1
73	101	-2
74	75	-2
74	102	-1
75	76	1
75	103	2
76	77	-1
76	104	2
77	78	-2
77	105	-1
78	79	-2
78	106	-2
79	80	2
79	107	-1
80	81	-2
80	108	-2
81	82	-2
81	109	2
82	83	-1
82	110	-2
83	111	2
84	85	-2
84	111	2
84	112	-2
85	86	1
85	113	-2
86	87	-1
86	114	-1
87	88	-2
87	115	-1
88	89	-1
88	116	1
89	90	2
89	117	-2
90	91	-2
90	118	2
91	92	1
91	119	-2
92	93	-2
92	120	1
93	94	-1
93	121	2
94	95	2
94	122	-1
95	96	1
95	123	-1
96	97	2
96	124	-2
97	98	1
97	125	-1
98	99	2
98	126	-1
99	100	-1
99	127	-2
100	101	1
100	128	-1
101	102	2
101	129	1
102	103	-2
102	130	-1
103	104	2
103	131	2
104	105	-2
104	132	1
105	106	1
105	133	2
106	107	1
106	134	2
107	108	-1
107	135	2
108	109	-1
108	136	2
109	110	1
109	137	-2
110	111	-1
110	138	-1
111	139	-1
112	113	-1
112	139	-1
112	140	2
113	114	-2
113	141	-1
114	115	1
114	142	-1
115	116	-1
115	143	2
116	117	-1
116	144	-1
117	118	1
117	145	2
118	119	1
118	146	-1
119	120	2
119	147	1
120	121	-2
120	148	2
121	122	-2
121	149	-2
122	123	-2
122	150	1
123	124	-1
123	151	2
124	125	-1
124	152	-1
125	126	-2
125	153	-1
126	127	1
126	154	1
127	128	1
127	155	-1
128	129	-1
128	156	1
129	130	2
129	157	-1
130	131	-1
130	158	-1
131	132	-2
131	159	1
132	133	-1
132	160	-2
133	134	-1
133	161	-2
134	135	-2
134	162	-1
135	136	2
135	163	-2
136	137	1
136	164	1
137	138	-2
137	165	1
138	139	-2
138	166	-1
139	167	2
140	141	-2
140	167	1
140	168	-1
141	142	-1
141	169	-1
142	143	2
142	170	-2
143	144	-1
143	171	1
144	145	-2
144	172	-1
145	146	-1
145	173	1
146	147	1
146	174	-1
147	148	-1
147	175	1
148	149	-1
148	176	1
149	150	-1
149	177	1
150	151	1
150	178	1
151	152	2
151	179	1
152	153	1
152	180	2
153	154	2
153	181	1
154	155	1
154	182	1
155	156	-2
155	183	2
156	157	-1
156	184	-2
157	158	2
157	185	-2
158	159	-2
158	186	1
159	160	1
159	187	-1
160	161	1
160	188	2
161	162	1
161	189	1
162	163	1
162	190	-1
163	164	-1
163	191	-1
164	165	-1
164	192	1
165	166	-2
165	193	1
166	167	-2
166	194	1
167	195	-2
168	169	-1
168	195	-2
168	196	-1
169	170	2
169	197	1
170	171	1
170	198	-1
171	172	-1
171	199	-1
172	173	1
172	200	1
173	174	-1
173	201	1
174	175	1
174	202	2
175	176	1
175	203	-2
176	177	-1
176	204	1
177	178	2
177	205	-1
178	179	1
178	206	-1
179	180	-1
179	207	2
180	181	-1
180	208	-2
181	182	-2
181	209	-2
182	183	1
182	210	1
183	184	-1
183	211	1
184	185	2
184	212	-1
185	186	1
185	213	-1
186	187	-1
186	214	-1
187	188	2
187	215	-1
188	189	2
188	216	-1
189	190	1
189	217	-2
190	191	2
190	218	-1
191	192	-1
191	219	-2
192	193	-1
192	220	1
193	194	2
193	221	-2
194	195	-1
194	222	-1
195	223	1
196	197	-1
196	223	2
196	224	1
197	198	2
197	225	-2
198	199	-1
198	226	-1
199	200	1
199	227	1
200	201	-1
200	228	2
201	202	-2
201	229	2
202	203	2
202	230	-1
203	204	-2
203	231	-2
204	205	-1
204	232	-1
205	206	-1
205	233	-2
206	207	1
206	234	1
207	208	1
207	235	-1
208	209	1
208	236	-1
209	210	-2
209	237	2
210	211	-1
210	238	-1
211	212	-1
211	239	1
212	213	-2
212	240	1
213	214	1
213	241	1
214	215	1
214	242	-1
215	216	-2
215	243	-2
216	217	-1
216	244	-2
217	218	2
217	245	-1
218	219	-1
218	246	1
219	220	2
219	247	1
220	221	-2
220	248	2
221	222	2
221	249	-1
222	223	-1
222	250	-2
223	251	-2
224	225	1
224	251	1
224	252	-2
225	226	-2
225	253	-1
226	227	-1
226	254	-1
227	228	-2
227	255	-1
228	229	-2
228	256	2
229	230	-2
229	257	2
230	231	-2
230	258	-2
231	232	2
231	259	1
232	233	1
232	260	-1
233	234	-2
233	261	-2
234	235	-1
234	262	-1
235	236	-2
235	263	1
236	237	-2
236	264	1
237	238	-1
237	265	-1
238	239	-1
238	266	-1
239	240	1
239	267	-1
240	241	2
240	268	-2
241	242	2
241	269	-1
242	243	-1
242	270	1
243	244	1
243	271	-2
244	245	-2
244	272	-1
245	246	2
245	273	-1
246	247	1
246	274	-2
247	248	-1
247	275	-2
248	249	-1
248	276	2
249	250	-1
249	277	2
250	251	-2
250	278	2
251	279	2
252	253	-2
252	279	1
252	280	1
253	254	-1
253	281	-1
254	255	2
254	282	-1
255	256	2
255	283	-1
256	257	1
256	284	-1
257	258	1
257	285	-2
258	259	-2
258	286	-2
259	260	1
259	287	-2
260	261	-2
260	288	1
261	262	-1
261	289	-1
262	263	-1
262	290	-1
263	264	-1
263	291	-1
264	265	-2
264	292	1
265	266	2
265	293	1
266	267	1
266	294	1
267	268	1
267	295	2
268	269	-1
268	296	2
269	270	-2
269	297	2
270	271	-2
270	298	-2
271	272	1
271	299	-1
272	273	1
272	300	1
273	274	1
273	301	2
274	275	-1
274	302	-2
275	276	-1
275	303	1
276	277	2
276	304	-1
277	278	-1
277	305	2
278	279	1
278	306	1
279	307	1
280	281	2
280	307	-1
280	308	2
281	282	1
281	309	1
282	283	-2
282	310	1
283	284	-2
283	311	-2
284	285	1
284	312	-2
285	286	-1
285	313	1
286	287	1
286	314	-2
287	288	2
287	315	-2
288	289	-2
288	316	-2
289	290	1
289	317	1
290	291	-1
290	318	2
291	292	-1
291	319	-2
292	293	-1
292	320	-1
293	294	-2
293	321	1
294	295	1
294	322	-2
295	296	-2
295	323	-2
296	297	-2
296	324	1
297	298	-1
297	325	2
298	299	1
298	326	2
299	300	1
299	327	-1
300	301	1
300	328	1
301	302	1
301	329	-1
302	303	-1
302	330	-1
303	304	-1
303	331	-1
304	305	1
304	332	-1
305	306	2
305	333	1
306	307	-2
306	334	1
307	335	-2
308	309	-1
308	335	-2
308	336	-2
309	310	1
309	337	1
310	311	-2
310	338	-2
311	312	-2
311	339	1
312	313	1
312	340	-1
313	314	-2
313	341	-2
314	315	-2
314	342	1
315	316	1
315	343	1
316	317	-2
316	344	-1
317	318	-1
317	345	-1
318	319	-1
318	346	2
319	320	-1
319	347	-1
320	321	-1
320	348	1
321	322	-1
321	349	-1
322	323	-2
322	350	-2
323	324	1
323	351	2
324	325	1
324	352	-1
325	326	1
325	353	-2
326	327	1
326	354	1
327	328	2
327	355	2
328	329	1
328	356	-1
329	330	-2
329	357	-2
330	331	2
330	358	-1
331	332	1
331	359	-1
332	333	1
332	360	-1
333	334	-1
333	361	-1
334	335	-2
334	362	-2
335	363	2
336	337	2
336	363	-1
336	364	-1
337	338	2
337	365	-2
338	339	2
338	366	-2
339	340	-1
339	367	-1
340	341	-2
340	368	2
341	342	-1
341	369	2
342	343	-1
342	370	-2
343	344	2
343	371	2
344	345	1
344	372	-1
345	346	-2
345	373	2
346	347	-1
346	374	-2
347	348	-1
347	375	2
348	349	-1
348	376	-2
349	350	2
349	377	-2
350	351	2
350	378	-2
351	352	2
351	379	-2
352	353	2
352	380	-1
353	354	2
353	381	1
354	355	1
354	382	1
355	356	1
355	383	1
356	357	2
356	384	-2
357	358	1
357	385	1
358	359	-1
358	386	2
359	360	-1
359	387	-2
360	361	2
360	388	1
361	362	1
361	389	1
362	363	-1
362	390	-1
363	391	1
364	365	-2
364	391	2
364	392	-1
365	366	1
365	393	-1
366	367	-2
366	394	-1
367	368	-1
367	395	1
368	369	1
368	396	1
369	370	2
369	397	-1
370	371	-1
370	398	2
371	372	-2
371	399	-2
372	373	2
372	400	-1
373	374	1
373	401	1
374	375	-1
374	402	-1
375	376	1
375	403	-2
376	377	1
376	404	-1
377	378	2
377	405	-2
378	379	-1
378	406	-1
379	380	1
379	407	1
380	381	2
380	408	-1
381	382	-1
381	409	1
382	383	-1
382	410	-1
383	384	-1
383	411	2
384	385	2
384	412	1
385	386	-2
385	413	-2
386	387	-2
386	414	-1
387	388	1
387	415	-1
388	389	-1
388	416	-2
389	390	1
389	417	-2
390	391	-2
390	418	1
391	419	-2
392	393	1
392	419	-2
392	420	1
393	394	-1
393	421	-2
394	395	-2
394	422	-1
395	396	1
395	423	-2
396	397	1
396	424	-1
397	398	1
397	425	-1
398	399	-1
398	426	2
399	400	2
399	427	-2
400	401	1
400	428	1
401	402	1
401	429	2
402	403	1
402	430	1
403	404	-2
403	431	1
404	405	2
404	432	2
405	406	-2
405	433	-1
406	407	-1
406	434	-1
407	408	2
407	435	-1
408	409	-2
408	436	1
409	410	-1
409	437	-1
410	411	-2
410	438	2
411	412	2
411	439	-1
412	413	-1
412	440	1
413	414	2
413	441	-2
414	415	-1
414	442	-2
415	416	-2
415	443	1
416	417	-1
416	444	-1
417	418	2
417	445	1
418	419	1
418	446	-1
419	447	-1
420	421	2
420	447	1
420	448	-1
421	422	-1
421	449	1
422	423	1
422	450	1
423	424	1
423	451	-1
424	425	-2
424	452	1
425	426	2
425	453	1
426	427	-2
426	454	-2
427	428	-1
427	455	1
428	429	-1
428	456	-2
429	430	2
429	457	-1
430	431	-1
430	458	2
431	432	-2
431	459	1
432	433	1
432	460	-2
433	434	2
433	461	2
434	435	2
434	462	-1
435	436	-2
435	463	-2
436	437	-2
436	464	-1
437	438	-2
437	465	1
438	439	-2
438	466	2
439	440	2
439	467	-1
440	441	-2
440	468	2
441	442	2
441	469	1
442	443	-1
442	470	-1
443	444	-1
443	471	1
444	445	-1
444	472	1
445	446	1
445	473	-2
446	447	-1
446	474	2
447	475	1
448	449	-2
448	475	1
448	476	1
449	450	1
449	477	2
450	451	1
450	478	1
451	452	1
451	479	2
452	453	1
452	480	1
453	454	1
453	481	-1
454	455	-1
454	482	2
455	456	-2
455	483	-2
456	457	-2
456	484	1
457	458	1
457	485	2
458	459	1
458	486	1
459	460	-1
459	487	1
460	461	1
460	488	1
461	462	1
461	489	-1
462	463	2
462	490	-1
463	464	1
463	491	2
464	465	-1
464	492	-2
465	466	1
465	493	-1
466	467	2
466	494	-2
467	468	1
467	495	1
468	469	2
468	496	1
469	470	2
469	497	1
470	471	1
470	498	2
471	472	1
471	499	1
472	473	1
472	500	1
473	474	1
473	501	2
474	475	-1
474	502	2
475	503	-1
476	477	1
476	503	1
476	504	2
477	478	2
477	505	1
478	479	-2
478	506	1
479	480	1
479	507	1
480	481	1
480	508	-1
481	482	-2
481	509	2
482	483	-1
482	510	-1
483	484	2
483	511	-2
484	485	1
484	512	-1
485	486	1
485	513	-1
486	487	-1
486	514	1
487	488	1
487	515	1
488	489	1
488	516	-1
489	490	-1
489	517	-1
490	491	2
490	518	-2
491	492	1
491	519	1
492	493	2
492	520	-1
493	494	-2
493	521	-1
494	495	2
494	522	1
495	496	1
495	523	1
496	497	-2
496	524	-1
497	498	-1
497	525	-1
498	499	-2
498	526	-1
499	500	-1
499	527	2
500	501	-2
500	528	2
501	502	1
501	529	-1
502	503	-2
502	530	-1
503	531	-2
504	505	-2
504	531	1
504	532	2
505	506	-2
505	533	-2
506	507	-2
506	534	1
507	508	1
507	535	2
508	509	1
508	536	1
509	510	-1
509	537	1
510	511	2
510	538	-1
511	512	-1
511	539	1
512	513	-1
512	540	1
513	514	1
513	541	-1
514	515	-1
514	542	-2
515	516	2
515	543	-1
516	517	1
516	544	2
517	518	2
517	545	-2
518	519	-1
518	546	-1
519	520	1
519	547	2
520	521	1
520	548	2
521	522	-2
521	549	-1
522	523	-1
522	550	1
523	524	1
523	551	-2
524	525	2
524	552	1
525	526	1
525	553	-1
526	527	1
526	554	-2
527	528	2
527	555	2
528	529	-1
528	556	2
529	530	-1
529	557	2
530	531	1
530	558	-1
531	559	-1
532	533	-1
532	559	1
532	560	-1
533	534	-2
533	561	-2
534	535	2
534	562	-1
535	536	-1
535	563	-1
536	537	-2
536	564	1
537	538	2
537	565	-1
538	539	2
538	566	2
539	540	1
539	567	2
540	541	-1
540	568	-2
541	542	-2
541	569	-2
542	543	2
542	570	-1
543	544	2
543	571	2
544	545	1
544	572	2
545	546	2
545	573	1
546	547	-2
546	574	-1
547	548	1
547	575	1
548	549	2
548	576	1
549	550	2
549	577	-1
550	551	-2
550	578	1
551	552	2
551	579	-1
552	553	1
552	580	-1
553	554	2
553	581	1
554	555	1
554	582	1
555	556	1
555	583	-1
556	557	1
556	584	-1
557	558	2
557	585	2
558	559	-1
558	586	-2
559	587	2
560	561	-2
560	587	2
560	588	-1
561	562	1
561	589	-1
562	563	-1
562	590	1
563	564	-1
563	591	-2
564	565	-2
564	592	1
565	566	1
565	593	-2
566	567	-1
566	594	2
567	568	2
567	595	-1
568	569	1
568	596	2
569	570	1
569	597	-2
570	571	-1
570	598	-1
571	572	-1
571	599	-2
572	573	-1
572	600	-1
573	574	2
573	601	2
574	575	1
574	602	2
575	576	-1
575	603	-1
576	577	-1
576	604	2
577	578	2
577	605	2
578	579	1
578	606	2
579	580	-2
579	607	-1
580	581	1
580	608	-1
581	582	-2
581	609	-1
582	583	2
582	610	1
583	584	-2
583	611	-1
584	585	-2
584	612	-1
585	586	1
585	613	2
586	587	2
586	614	1
587	615	2
588	589	2
588	615	-2
588	616	1
589	590	2
589	617	-1
590	591	-2
590	618	1
591	592	-2
591	619	1
592	593	-2
592	620	-2
593	594	-2
593	621	1
594	595	-2
594	622	-1
595	596	1
595	623	-1
596	597	1
596	624	2
597	598	2
597	625	1
598	599	2
598	626	-2
599	600	2
599	627	1
600	601	-2
600	628	2
601	602	2
601	629	-1
602	603	1
602	630	1
603	604	1
603	631	-1
604	605	2
604	632	-1
605	606	2
605	633	1
606	607	2
606	634	1
607	608	1
607	635	2
608	609	-1
608	636	-2
609	610	-1
609	637	2
610	611	1
610	638	-2
611	612	-2
611	639	1
612	613	-2
612	640	-1
613	614	-1
613	641	1
614	615	-1
614	642	-1
615	643	1
616	617	1
616	643	2
616	644	1
617	618	2
617	645	-1
618	619	2
618	646	1
619	620	-2
619	647	-2
620	621	1
620	648	-1
621	622	-2
621	649	-2
622	623	1
622	650	2
623	624	2
623	651	2
624	625	-1
624	652	-2
625	626	1
625	653	-2
626	627	-2
626	654	1
627	628	-1
627	655	-2
628	629	-2
628	656	2
629	630	2
629	657	-1
630	631	-1
630	658	-1
631	632	-1
631	659	-2
632	633	1
632	660	1
633	634	-2
633	661	1
634	635	-1
634	662	-1
635	636	2
635	663	-1
636	637	-2
636	664	1
637	638	-2
637	665	-2
638	639	1
638	666	1
639	640	-1
639	667	2
640	641	-2
640	668	1
641	642	-1
641	669	1
642	643	-1
642	670	2
643	671	-1
644	645	1
644	671	1
644	672	-1
645	646	-1
645	673	2
646	647	2
646	674	-2
647	648	-2
647	675	2
648	649	-2
648	676	1
649	650	2
649	677	1
650	651	-1
650	678	-1
651	652	-2
651	679	-1
652	653	1
652	680	-2
653	654	-2
653	681	1
654	655	-1
654	682	-1
655	656	-1
655	683	-1
656	657	-1
656	684	-1
657	658	-1
657	685	1
658	659	2
658	686	-2
659	660	-1
659	687	2
660	661	-1
660	688	-2
661	662	-2
661	689	-1
662	663	1
662	690	-1
663	664	-2
663	691	-1
664	665	-1
664	692	-2
665	666	2
665	693	1
666	667	-1
666	694	1
667	668	-1
667	695	2
668	669	2
668	696	-2
669	670	-1
669	697	-1
670	671	-2
670	698	-2
671	699	-2
672	673	2
672	699	-2
672	700	1
673	674	-1
673	701	1
674	675	-2
674	702	1
675	676	2
675	703	2
676	677	1
676	704	-1
677	678	2
677	705	-1
678	679	-2
678	706	-2
679	680	1
679	707	2
680	681	1
680	708	-2
681	682	-1
681	709	2
682	683	1
682	710	1
683	684	1
683	711	1
684	685	-2
684	712	-1
685	686	-1
685	713	2
686	687	-1
686	714	-1
687	688	-1
687	715	1
688	689	1
688	716	-2
689	690	2
689	717	1
690	691	-1
690	718	1
691	692	1
691	719	1
692	693	2
692	720	2
693	694	-2
693	721	-1
694	695	-2
694	722	1
695	696	-1
695	723	-2
696	697	1
696	724	-2
697	698	2
697	725	2
698	699	1
698	726	-2
699	727	2
700	701	-2
700	727	-2
700	728	2
701	702	-2
701	729	1
702	703	2
702	730	2
703	704	-1
703	731	-2
704	705	-1
704	732	2
705	706	2
705	733	-1
706	707	-1
706	734	1
707	708	1
707	735	1
708	709	1
708	736	-1
709	710	1
709	737	1
710	711	-1
710	738	2
711	712	2
711	739	2
712	713	-2
712	740	1
713	714	-2
713	741	-2
714	715	-1
714	742	-1
715	716	-1
715	743	1
716	717	2
716	744	-1
717	718	-1
717	745	1
718	719	2
718	746	-1
719	720	-1
719	747	1
720	721	2
720	748	2
721	722	-1
721	749	-2
722	723	-2
722	750	-2
723	724	-1
723	751	-2
724	725	1
724	752	-2
725	726	-1
725	753	1
726	727	2
726	754	-1
727	755	-1
728	729	2
728	755	-1
728	756	-2
729	730	2
729	757	-1
730	731	-2
730	758	-1
731	732	-2
731	759	-2
732	733	2
732	760	1
733	734	2
733	761	-2
734	735	-1
734	762	1
735	736	1
735	763	-1
736	737	2
736	764	2
737	738	-2
737	765	1
738	739	-1
738	766	-1
739	740	-1
739	767	-1
740	741	2
740	768	1
741	742	1
741	769	1
742	743	-1
742	770	1
743	744	-1
743	771	1
744	745	1
744	772	-2
745	746	-1
745	773	2
746	747	1
746	774	-2
747	748	2
747	775	-2
748	749	-1
748	776	-1
749	750	2
749	777	1
750	751	-1
750	778	1
751	752	1
751	779	1
752	753	-1
752	780	-1
753	754	-1
753	781	1
754	755	-1
754	782	-1
755	783	1
756	757	-2
756	783	1
757	758	1
758	759	1
759	760	-2
760	761	2
761	762	-1
762	763	-1
763	764	-1
764	765	-1
765	766	2
766	767	1
767	768	1
768	769	-2
769	770	-2
770	771	2
771	772	-2
772	773	1
773	774	-1
774	775	-1
775	776	2
776	777	-1
777	778	2
778	779	1
779	780	2
780	781	-1
781	782	-1
782	783	-1
