0	1	1
0	27	2
0	28	-2
0	756	2
1	2	2
1	29	-1
1	757	-2
2	3	-2
2	30	-2
2	758	-1
3	4	-1
3	31	-1
3	759	1
4	5	1
4	32	-1
4	760	1
5	6	1
5	33	-2
5	761	-2
6	7	-2
6	34	-1
6	762	-2
7	8	1
7	35	1
7	763	1
8	9	-2
8	36	-1
8	764	-1
9	10	-1
9	37	-1
9	765	-1
10	11	1
10	38	2
10	766	-2
11	12	1
11	39	-2
11	767	-2
12	13	2
12	40	-1
12	768	-1
13	14	-2
13	41	-2
13	769	1
14	15	2
14	42	2
14	770	1
15	16	2
15	43	1
15	771	2
16	17	1
16	44	-2
16	772	1
17	18	2
17	45	2
17	773	-2
18	19	1
18	46	2
18	774	2
19	20	2
19	47	-2
19	775	2
20	21	-2
20	48	-1
20	776	-1
21	22	1
21	49	2
21	777	1
22	23	1
22	50	2
22	778	2
23	24	-2
23	51	-1
23	779	1
24	25	-1
24	52	1
24	780	2
25	26	2
25	53	-2
25	781	2
26	27	-2
26	54	-2
26	782	-1
27	55	1
27	783	-1
28	29	-2
28	55	2
28	56	-1
29	30	2
29	57	-2
30	31	1
30	58	-1
31	32	-1
31	59	-1
32	33	-2
32	60	1
33	34	-2
33	61	1
34	35	-2
34	62	1
35	36	1
35	63	1
36	37	1
36	64	-1
37	38	-1
37	65	1
38	39	1
38	66	1
39	40	1
39	67	2
40	41	-2
40	68	1
41	42	1
41	69	1
42	43	-1
42	70	1
43	44	2
43	71	2
44	45	2
44	72	-1
45	46	1
45	73	-2
46	47	1
46	74	1
47	48	2
47	75	-1
48	49	-1
48	76	-1
49	50	1
49	77	-2
50	51	2
50	78	2
51	52	-2
51	79	2
52	53	-2
52	80	1
53	54	1
53	81	-2
54	55	-2
54	82	-1
55	83	-1
56	57	-1
56	83	-2
56	84	-2
57	58	-1
57	85	1
58	59	1
58	86	-1
59	60	-1
59	87	1
60	61	-1
60	88	1
61	62	2
61	89	-1
62	63	1
62	90	-1
63	64	1
63	91	1
64	65	1
64	92	2
65	66	1
65	93	-1
66	67	2
66	94	2
67	68	-2
67	95	1
68	69	-2
68	96	2
69	70	-1
69	97	-1
70	71	1
70	98	1
71	72	2
71	99	-1
72	73	-2
72	100	-1
73	74	1
73	101	-2
74	75	1
74	102	1
75	76	-2
75	103	1
76	77	-1
76	104	-1
77	78	1
77	105	2
78	79	2
78	106	2
79	80	2
79	107	2
80	81	-1
80	108	-1
81	82	-1
81	109	-1
82	83	2
82	110	1
83	111	2
84	85	-2
84	111	2
84	112	-2
85	86	2
85	113	1
86	87	1
86	114	1
87	88	-2
87	115	-1
88	89	-1
88	116	-2
89	90	1
89	117	-1
90	91	1
90	118	1
91	92	1
91	119	-1
92	93	2
92	120	1
93	94	1
93	121	1
94	95	-1
94	122	-1
95	96	1
95	123	-1
96	97	-1
96	124	2
97	98	-1
97	125	-1
98	99	1
98	126	-2
99	100	-2
99	127	1
100	101	2
100	128	2
101	102	-1
101	129	-1
102	103	-1
102	130	-1
103	104	-2
103	131	1
104	105	-1
104	132	1
105	106	2
105	133	-2
106	107	-1
106	134	1
107	108	-1
107	135	-2
108	109	1
108	136	-1
109	110	-1
109	137	-1
110	111	-1
110	138	-2
111	139	1
112	113	-1
112	139	2
112	140	2
113	114	-1
113	141	2
114	115	2
114	142	2
115	116	2
115	143	1
116	117	-2
116	144	-1
117	118	1
117	145	-1
118	119	-1
118	146	-1
119	120	1
119	147	-1
120	121	2
120	148	-1
121	122	1
121	149	1
122	123	-1
122	150	2
123	124	2
123	151	-1
124	125	2
124	152	-1
125	126	2
125	153	-2
126	127	-1
126	154	2
127	128	2
127	155	2
128	129	1
128	156	1
129	130	1
129	157	-1
130	131	1
130	158	-1
131	132	2
131	159	1
132	133	-1
132	160	-1
133	134	1
133	161	1
134	135	2
134	162	-2
135	136	2
135	163	-1
136	137	2
136	164	-1
137	138	2
137	165	-1
138	139	-1
138	166	-1
139	167	1
140	141	1
140	167	1
140	168	-1
141	142	1
141	169	2
142	143	-1
142	170	-2
143	144	-1
143	171	1
144	145	2
144	172	1
145	146	-1
145	173	-1
146	147	2
146	174	-1
147	148	-1
147	175	2
148	149	2
148	176	-1
149	150	-1
149	177	-1
150	151	-2
150	178	-1
151	152	1
151	179	-1
152	153	-2
152	180	1
153	154	-2
153	181	-2
154	155	2
154	182	1
155	156	-1
155	183	2
156	157	2
156	184	-2
157	158	1
157	185	-1
158	159	1
158	186	1
159	160	-1
159	187	1
160	161	-1
160	188	-1
161	162	-1
161	189	-2
162	163	-1
162	190	1
163	164	-2
163	191	1
164	165	-1
164	192	1
165	166	1
165	193	-1
166	167	-1
166	194	2
167	195	-1
168	169	1
168	195	-1
168	196	1
169	170	2
169	197	1
170	171	-1
170	198	-1
171	172	1
171	199	2
172	173	1
172	200	-1
173	174	1
173	201	-1
174	175	-2
174	202	1
175	176	-2
175	203	1
176	177	2
176	204	-2
177	178	2
177	205	2
178	179	1
178	206	-1
179	180	1
179	207	-1
180	181	2
180	208	-1
181	182	-1
181	209	2
182	183	1
182	210	1
183	184	-2
183	211	1
184	185	1
184	212	-2
185	186	1
185	213	-1
186	187	2
186	214	2
187	188	-1
187	215	-1
188	189	1
188	216	2
189	190	-1
189	217	-2
190	191	-1
190	218	-2
191	192	2
191	219	1
192	193	-1
192	220	-1
193	194	2
193	221	1
194	195	-2
194	222	1
195	223	1
196	197	-1
196	223	1
196	224	1
197	198	1
197	225	1
198	199	-2
198	226	-1
199	200	-1
199	227	-2
200	201	-1
200	228	1
201	202	1
201	229	-1
202	203	2
202	230	1
203	204	2
203	231	-1
204	205	1
204	232	-2
205	206	-1
205	233	-2
206	207	-1
206	234	2
207	208	-1
207	235	-1
208	209	1
208	236	-2
209	210	1
209	237	2
210	211	-2
210	238	1
211	212	1
211	239	-1
212	213	-2
212	240	-1
213	214	1
213	241	1
214	215	1
214	242	2
215	216	-2
215	243	1
216	217	1
216	244	-1
217	218	-2
217	245	1
218	219	-1
218	246	-2
219	220	-2
219	247	-1
220	221	-1
220	248	-1
221	222	-1
221	249	-1
222	223	2
222	250	-1
223	251	1
224	225	-2
224	251	-1
224	252	-2
225	226	1
225	253	-1
226	227	1
226	254	-2
227	228	-2
227	255	2
228	229	-1
228	256	-2
229	230	2
229	257	-1
230	231	2
230	258	2
231	232	-1
231	259	-2
232	233	-1
232	260	1
233	234	-1
233	261	-2
234	235	1
234	262	1
235	236	1
235	263	1
236	237	-1
236	264	1
237	238	-2
237	265	1
238	239	2
238	266	2
239	240	-1
239	267	1
240	241	2
240	268	-1
241	242	-2
241	269	2
242	243	-2
242	270	1
243	244	-1
243	271	-2
244	245	1
244	272	-1
245	246	-2
245	273	-1
246	247	-2
246	274	-2
247	248	2
247	275	-1
248	249	2
248	276	2
249	250	1
249	277	1
250	251	2
250	278	-1
251	279	2
252	253	1
252	279	-1
252	280	2
253	254	-2
253	281	1
254	255	1
254	282	2
255	256	-1
255	283	-2
256	257	2
256	284	2
257	258	-2
257	285	2
258	259	1
258	286	-1
259	260	-2
259	287	-2
260	261	-2
260	288	-2
261	262	1
261	289	-2
262	263	-1
262	290	-2
263	264	1
263	291	-2
264	265	1
264	292	1
265	266	-1
265	293	2
266	267	-2
266	294	2
267	268	-2
267	295	-2
268	269	2
268	296	-1
269	270	2
269	297	2
270	271	-2
270	298	-2
271	272	1
271	299	1
272	273	-1
272	300	-1
273	274	2
273	301	1
274	275	2
274	302	2
275	276	-1
275	303	-1
276	277	-1
276	304	-2
277	278	1
277	305	2
278	279	1
278	306	-2
279	307	2
280	281	-2
280	307	2
280	308	-2
281	282	1
281	309	-1
282	283	-2
282	310	-1
283	284	-2
283	311	-1
284	285	2
284	312	-2
285	286	-1
285	313	1
286	287	2
286	314	1
287	288	1
287	315	2
288	289	1
288	316	2
289	290	-2
289	317	2
290	291	1
290	318	1
291	292	1
291	319	-1
292	293	2
292	320	-2
293	294	1
293	321	-1
294	295	2
294	322	2
295	296	1
295	323	-1
296	297	1
296	324	-1
297	298	1
297	325	2
298	299	-1
298	326	-1
299	300	1
299	327	2
300	301	2
300	328	1
301	302	-1
301	329	-1
302	303	-2
302	330	1
303	304	2
303	331	2
304	305	1
304	332	-2
305	306	1
305	333	-2
306	307	-2
306	334	1
307	335	2
308	309	1
308	335	-2
308	336	-2
309	310	-2
309	337	-1
310	311	2
310	338	-2
311	312	-2
311	339	-1
312	313	1
312	340	1
313	314	-1
313	341	1
314	315	-2
314	342	-1
315	316	1
315	343	-2
316	317	-1
316	344	-1
317	318	-1
317	345	1
318	319	1
318	346	-2
319	320	-1
319	347	-2
320	321	-1
320	348	2
321	322	-1
321	349	2
322	323	2
322	350	1
323	324	2
323	351	-1
324	325	1
324	352	2
325	326	2
325	353	-1
326	327	-2
326	354	-2
327	328	2
327	355	-1
328	329	2
328	356	2
329	330	-2
329	357	-1
330	331	1
330	358	1
331	332	-1
331	359	-1
332	333	-1
332	360	-1
333	334	1
333	361	-2
334	335	1
334	362	1
335	363	-1
336	337	-1
336	363	1
336	364	-2
337	338	2
337	365	1
338	339	2
338	366	-2
339	340	-2
339	367	-1
340	341	1
340	368	-1
341	342	-2
341	369	-2
342	343	-1
342	370	-1
343	344	-2
343	371	-1
344	345	-1
344	372	-1
345	346	-1
345	373	1
346	347	-2
346	374	-1
347	348	-2
347	375	2
348	349	-2
348	376	2
349	350	2
349	377	-1
350	351	1
350	378	2
351	352	1
351	379	2
352	353	-2
352	380	-2
353	354	-1
353	381	1
354	355	-1
354	382	1
355	356	1
355	383	2
356	357	2
356	384	-1
357	358	-2
357	385	-1
358	359	-2
358	386	1
359	360	1
359	387	-2
360	361	-2
360	388	-2
361	362	2
361	389	-2
362	363	1
362	390	1
363	391	-1
364	365	-2
364	391	1
364	392	-1
365	366	-2
365	393	1
366	367	-1
366	394	2
367	368	-1
367	395	-2
368	369	-2
368	396	-2
369	370	-2
369	397	1
370	371	1
370	398	-2
371	372	1
371	399	-2
372	373	-1
372	400	-1
373	374	-1
373	401	1
374	375	-1
374	402	1
375	376	1
375	403	2
376	377	-2
376	404	-2
377	378	1
377	405	2
378	379	-2
378	406	2
379	380	-1
379	407	-2
380	381	-1
380	408	-2
381	382	-2
381	409	-2
382	383	2
382	410	1
383	384	1
383	411	1
384	385	-2
384	412	2
385	386	2
385	413	2
386	387	-1
386	414	-1
387	388	-1
387	415	-2
388	389	1
388	416	2
389	390	2
389	417	-1
390	391	1
390	418	2
391	419	1
392	393	1
392	419	1
392	420	1
393	394	1
393	421	-1
394	395	-1
394	422	1
395	396	2
395	423	-2
396	397	-1
396	424	-2
397	398	-1
397	425	1
398	399	2
398	426	-1
399	400	-2
399	427	1
400	401	-1
400	428	-2
401	402	1
401	429	-2
402	403	-1
402	430	2
403	404	2
403	431	1
404	405	-1
404	432	2
405	406	-1
405	433	-1
406	407	1
406	434	1
407	408	2
407	435	1
408	409	1
408	436	-2
409	410	-2
409	437	2
410	411	-2
410	438	-1
411	412	-2
411	439	-1
412	413	-2
412	440	1
413	414	2
413	441	-2
414	415	-1
414	442	-1
415	416	-1
415	443	-1
416	417	-1
416	444	1
417	418	1
417	445	-1
418	419	1
418	446	2
419	447	-1
420	421	1
420	447	1
420	448	1
421	422	-2
421	449	2
422	423	-2
422	450	-1
423	424	-1
423	451	2
424	425	-2
424	452	-1
425	426	2
425	453	1
426	427	2
426	454	1
427	428	2
427	455	1
428	429	1
428	456	-1
429	430	-1
429	457	-1
430	431	2
430	458	-1
431	432	2
431	459	-1
432	433	-2
432	460	-2
433	434	1
433	461	2
434	435	-1
434	462	-2
435	436	-2
435	463	-2
436	437	1
436	464	1
437	438	-1
437	465	-1
438	439	2
438	466	2
439	440	-1
439	467	1
440	441	-1
440	468	-1
441	442	2
441	469	-1
442	443	1
442	470	2
443	444	-1
443	471	2
444	445	-1
444	472	-2
445	446	-1
445	473	-1
446	447	2
446	474	-2
447	475	-1
448	449	-1
448	475	1
448	476	-2
449	450	-2
449	477	-2
450	451	-2
450	478	2
451	452	-2
451	479	1
452	453	1
452	480	1
453	454	-1
453	481	1
454	455	-2
454	482	-2
455	456	2
455	483	1
456	457	2
456	484	1
457	458	1
457	485	-2
458	459	2
458	486	-1
459	460	-1
459	487	-2
460	461	2
460	488	-1
461	462	1
461	489	2
462	463	-1
462	490	-1
463	464	-1
463	491	-1
464	465	-2
464	492	-1
465	466	-2
465	493	1
466	467	2
466	494	2
467	468	-1
467	495	1
468	469	2
468	496	2
469	470	1
469	497	1
470	471	-1
470	498	-1
471	472	-2
471	499	-1
472	473	-1
472	500	-1
473	474	2
473	501	-1
474	475	2
474	502	2
475	503	-2
476	477	2
476	503	2
476	504	-2
477	478	1
477	505	1
478	479	1
478	506	-2
479	480	-2
479	507	1
480	481	-1
480	508	-2
481	482	2
481	509	-2
482	483	-2
482	510	-1
483	484	-1
483	511	-1
484	485	1
484	512	-1
485	486	-2
485	513	-2
486	487	-1
486	514	2
487	488	1
487	515	-2
488	489	1
488	516	2
489	490	1
489	517	-2
490	491	1
490	518	-2
491	492	-1
491	519	1
492	493	-2
492	520	-2
493	494	1
493	521	1
494	495	-1
494	522	-1
495	496	2
495	523	-1
496	497	-2
496	524	2
497	498	1
497	525	2
498	499	1
498	526	1
499	500	-2
499	527	1
500	501	1
500	528	1
501	502	-1
501	529	1
502	503	1
502	530	1
503	531	-1
504	505	2
504	531	-2
504	532	1
505	506	2
505	533	-1
506	507	-1
506	534	2
507	508	-2
507	535	1
508	509	-1
508	536	-2
509	510	-1
509	537	-1
510	511	-1
510	538	-2
511	512	1
511	539	2
512	513	-2
512	540	-1
513	514	-1
513	541	1
514	515	2
514	542	2
515	516	1
515	543	-2
516	517	-2
516	544	2
517	518	-1
517	545	1
518	519	1
518	546	2
519	520	-2
519	547	2
520	521	1
520	548	-1
521	522	1
521	549	1
522	523	1
522	550	2
523	524	1
523	551	1
524	525	1
524	552	-2
525	526	-2
525	553	2
526	527	2
526	554	2
527	528	2
527	555	-2
528	529	-1
528	556	1
529	530	1
529	557	-2
530	531	-2
530	558	-2
531	559	-2
532	533	2
532	559	-1
532	560	2
533	534	-2
533	561	-1
534	535	2
534	562	-1
535	536	1
535	563	-1
536	537	2
536	564	2
537	538	-2
537	565	1
538	539	-1
538	566	-1
539	540	2
539	567	-1
540	541	-2
540	568	-2
541	542	-2
541	569	1
542	543	1
542	570	-1
543	544	-2
543	571	-1
544	545	1
544	572	-1
545	546	-1
545	573	1
546	547	-1
546	574	-1
547	548	-1
547	575	-2
548	549	2
548	576	1
549	550	-1
549	577	-2
550	551	-2
550	578	2
551	552	1
551	579	2
552	553	2
552	580	-1
553	554	-2
553	581	-1
554	555	1
554	582	-2
555	556	-2
555	583	-1
556	557	-2
556	584	2
557	558	2
557	585	2
558	559	1
558	586	2
559	587	-1
560	561	1
560	587	-2
560	588	-1
561	562	2
561	589	-1
562	563	-1
562	590	-1
563	564	2
563	591	-2
564	565	2
564	592	1
565	566	-1
565	593	-1
566	567	-2
566	594	2
567	568	-1
567	595	1
568	569	2
568	596	-1
569	570	-2
569	597	1
570	571	-1
570	598	1
571	572	2
571	599	-2
572	573	-2
572	600	-1
573	574	-1
573	601	-2
574	575	-1
574	602	1
575	576	-2
575	603	-2
576	577	1
576	604	-1
577	578	-1
577	605	1
578	579	-2
578	606	-2
579	580	2
579	607	2
580	581	1
580	608	1
581	582	1
581	609	2
582	583	2
582	610	-1
583	584	-2
583	611	2
584	585	-1
584	612	-1
585	586	-1
585	613	-2
586	587	1
586	614	2
587	615	-1
588	589	-1
588	615	-2
588	616	-2
589	590	-1
589	617	-1
590	591	2
590	618	1
591	592	-2
591	619	-1
592	593	2
592	620	2
593	594	-1
593	621	-1
594	595	1
594	622	-1
595	596	1
595	623	2
596	597	1
596	624	2
597	598	-1
597	625	2
598	599	-2
598	626	2
599	600	1
599	627	-1
600	601	1
600	628	-2
601	602	2
601	629	-1
602	603	-2
602	630	1
603	604	1
603	631	-2
604	605	1
604	632	-2
605	606	-1
605	633	2
606	607	-1
606	634	2
607	608	-2
607	635	-1
608	609	-2
608	636	-2
609	610	-2
609	637	-2
610	611	1
610	638	2
611	612	1
611	639	-1
612	613	2
612	640	-1
613	614	-2
613	641	1
614	615	2
614	642	-1
615	643	1
616	617	-2
616	643	-2
616	644	-1
617	618	-1
617	645	2
618	619	2
618	646	-2
619	620	-1
619	647	-1
620	621	-2
620	648	1
621	622	1
621	649	-1
622	623	2
622	650	2
623	624	-1
623	651	2
624	625	-1
624	652	-2
625	626	2
625	653	-2
626	627	-1
626	654	2
627	628	-2
627	655	-1
628	629	-1
628	656	1
629	630	1
629	657	1
630	631	1
630	658	-1
631	632	-1
631	659	1
632	633	-1
632	660	2
633	634	1
633	661	-2
634	635	1
634	662	-2
635	636	2
635	663	1
636	637	-2
636	664	-2
637	638	-1
637	665	1
638	639	-1
638	666	2
639	640	-1
639	667	-1
640	641	-1
640	668	-1
641	642	-2
641	669	2
642	643	2
642	670	1
643	671	2
644	645	-1
644	671	1
644	672	-2
645	646	-2
645	673	-1
646	647	-1
646	674	1
647	648	-1
647	675	1
648	649	-2
648	676	2
649	650	1
649	677	1
650	651	-1
650	678	1
651	652	1
651	679	1
652	653	1
652	680	-2
653	654	-2
653	681	1
654	655	-2
654	682	2
655	656	1
655	683	-2
656	657	1
656	684	-1
657	658	2
657	685	1
658	659	1
658	686	1
659	660	-1
659	687	2
660	661	-1
660	688	2
661	662	2
661	689	-2
662	663	1
662	690	1
663	664	1
663	691	1
664	665	-2
664	692	1
665	666	-2
665	693	2
666	667	-1
666	694	-1
667	668	1
667	695	1
668	669	-2
668	696	-1
669	670	1
669	697	2
670	671	-1
670	698	-2
671	699	2
672	673	2
672	699	1
672	700	-1
673	674	-2
673	701	2
674	675	-2
674	702	-2
675	676	2
675	703	-1
676	677	-1
676	704	-1
677	678	-2
677	705	2
678	679	1
678	706	-1
679	680	2
679	707	2
680	681	-1
680	708	-2
681	682	1
681	709	2
682	683	1
682	710	-1
683	684	-1
683	711	1
684	685	1
684	712	1
685	686	-2
685	713	1
686	687	1
686	714	1
687	688	1
687	715	2
688	689	-1
688	716	2
689	690	2
689	717	-2
690	691	-1
690	718	-2
691	692	-1
691	719	2
692	693	-1
692	720	-2
693	694	-1
693	721	-1
694	695	2
694	722	1
695	696	1
695	723	-2
696	697	1
696	724	-1
697	698	2
697	725	-1
698	699	-2
698	726	1
699	727	-2
700	701	1
700	727	-2
700	728	-1
701	702	-1
701	729	2
702	703	2
702	730	-2
703	704	2
703	731	1
704	705	-2
704	732	-1
705	706	-2
705	733	-2
706	707	1
706	734	-1
707	708	1
707	735	-2
708	709	-1
708	736	-2
709	710	1
709	737	-2
710	711	2
710	738	1
711	712	-2
711	739	-1
712	713	-1
712	740	-1
713	714	1
713	741	1
714	715	-1
714	742	1
715	716	2
715	743	1
716	717	-1
716	744	-2
717	718	-1
717	745	2
718	719	-1
718	746	2
719	720	2
719	747	1
720	721	1
720	748	-2
721	722	-1
721	749	-2
722	723	1
722	750	-1
723	724	-1
723	751	2
724	725	-1
724	752	1
725	726	2
725	753	2
726	727	-1
726	754	-2
727	755	1
728	729	1
728	755	-2
728	756	1
729	730	-1
729	757	-2
730	731	1
730	758	-1
731	732	1
731	759	1
732	733	-2
732	760	-2
733	734	1
733	761	-1
734	735	-1
734	762	-1
735	736	-2
735	763	2
736	737	-2
736	764	1
737	738	2
737	765	-1
738	739	-2
738	766	2
739	740	2
739	767	-1
740	741	-2
740	768	2
741	742	-1
741	769	1
742	743	-2
742	770	1
743	744	1
743	771	-1
744	745	-1
744	772	-1
745	746	2
745	773	1
746	747	1
746	774	1
747	748	1
747	775	-1
748	749	1
748	776	-2
749	750	1
749	777	1
750	751	-1
750	778	1
751	752	1
751	779	1
752	753	2
752	780	2
753	754	1
753	781	1
754	755	2
754	782	-1
755	783	-1
756	757	2
756	783	2
757	758	-2
758	759	1
759	760	1
760	761	2
761	762	-1
762	763	-1
763	764	1
764	765	-2
765	766	1
766	767	-2
767	768	-1
768	769	1
769	770	2
770	771	-2
771	772	-1
772	773	-1
773	774	1
774	775	1
775	776	1
776	777	2
777	778	-1
778	779	1
779	780	1
780	781	-1
781	782	1
782	783	-2
