0	1	-2
0	27	2
0	28	-1
0	756	-2
1	2	-1
1	29	2
1	757	1
2	3	2
2	30	2
2	758	-1
3	4	-1
3	31	1
3	759	-2
4	5	1
4	32	-1
4	760	-1
5	6	2
5	33	1
5	761	-2
6	7	1
6	34	-2
6	762	-1
7	8	-1
7	35	2
7	763	2
8	9	1
8	36	-1
8	764	-1
9	10	-2
9	37	1
9	765	1
10	11	2
10	38	-2
10	766	2
11	12	-2
11	39	1
11	767	-2
12	13	2
12	40	2
12	768	-1
13	14	1
13	41	2
13	769	-2
14	15	-2
14	42	2
14	770	1
15	16	1
15	43	-1
15	771	-1
16	17	1
16	44	-1
16	772	1
17	18	1
17	45	-1
17	773	-2
18	19	2
18	46	-1
18	774	2
19	20	2
19	47	1
19	775	1
20	21	-1
20	48	1
20	776	1
21	22	-2
21	49	1
21	777	-1
22	23	2
22	50	-1
22	778	-2
23	24	-2
23	51	2
23	779	1
24	25	-2
24	52	1
24	780	1
25	26	-2
25	53	-2
25	781	-1
26	27	-1
26	54	2
26	782	-2
27	55	-2
27	783	-1
28	29	-2
28	55	-1
28	56	2
29	30	-1
29	57	-2
30	31	-1
30	58	-1
31	32	-2
31	59	1
32	33	1
32	60	1
33	34	2
33	61	1
34	35	1
34	62	2
35	36	1
35	63	-2
36	37	1
36	64	2
37	38	-1
37	65	1
38	39	2
38	66	1
39	40	-1
39	67	-2
40	41	-1
40	68	-1
41	42	2
41	69	2
42	43	-1
42	70	-1
43	44	-1
43	71	1
44	45	-1
44	72	-1
45	46	1
45	73	-2
46	47	1
46	74	-2
47	48	-2
47	75	2
48	49	2
48	76	-1
49	50	-1
49	77	-2
50	51	2
50	78	2
51	52	-2
51	79	2
52	53	-1
52	80	-1
53	54	2
53	81	1
54	55	-1
54	82	2
55	83	1
56	57	2
56	83	1
56	84	1
57	58	2
57	85	2
58	59	1
58	86	-1
59	60	2
59	87	-1
60	61	-2
60	88	-1
61	62	-2
61	89	-1
62	63	2
62	90	-1
63	64	1
63	91	1
64	65	-1
64	92	-1
65	66	1
65	93	1
66	67	2
66	94	-2
67	68	2
67	95	-1
68	69	1
68	96	-1
69	70	1
69	97	1
70	71	1
70	98	-1
71	72	-1
71	99	-2
72	73	1
72	100	1
73	74	-2
73	101	-1
74	75	-2
74	102	1
75	76	-2
75	103	-1
76	77	-2
76	104	-2
77	78	-1
77	105	-1
78	79	-1
78	106	1
79	80	-1
79	107	2
80	81	-1
80	108	2
81	82	-1
81	109	2
82	83	-2
82	110	-1
83	111	1
84	85	-1
84	111	-2
84	112	-2
85	86	-1
85	113	2
86	87	-1
86	114	-2
87	88	2
87	115	-1
88	89	2
88	116	2
89	90	-1
89	117	1
90	91	2
90	118	2
91	92	-1
91	119	2
92	93	-1
92	120	2
93	94	-2
93	121	2
94	95	-1
94	122	-1
95	96	2
95	123	2
96	97	2
96	124	-1
97	98	2
97	125	1
98	99	-2
98	126	-1
99	100	2
99	127	1
100	101	1
100	128	2
101	102	-1
101	129	1
102	103	-2
102	130	-1
103	104	1
103	131	1
104	105	1
104	132	1
105	106	-1
105	133	-2
106	107	2
106	134	-2
107	108	2
107	135	-2
108	109	1
108	136	-1
109	110	1
109	137	2
110	111	-2
110	138	-1
111	139	1
112	113	1
112	139	-1
112	140	2
113	114	-1
113	141	-1
114	115	1
114	142	1
115	116	1
115	143	1
116	117	1
116	144	-2
117	118	2
117	145	2
118	119	-1
118	146	-1
119	120	2
119	147	-2
120	121	-1
120	148	-1
121	122	-1
121	149	-2
122	123	-2
122	150	-2
123	124	1
123	151	-1
124	125	1
124	152	-1
125	126	2
125	153	-1
126	127	1
126	154	2
127	128	-1
127	155	1
128	129	1
128	156	-1
129	130	-1
129	157	-1
130	131	-2
130	158	-2
131	132	-1
131	159	1
132	133	-1
132	160	2
133	134	1
133	161	1
134	135	2
134	162	-1
135	136	-1
135	163	-1
136	137	1
136	164	-1
137	138	2
137	165	-1
138	139	2
138	166	-1
139	167	-2
140	141	2
140	167	-2
140	168	1
141	142	-1
141	169	-1
142	143	-1
142	170	1
143	144	1
143	171	1
144	145	1
144	172	-1
145	146	-2
145	173	1
146	147	2
146	174	1
147	148	-2
147	175	2
148	149	2
148	176	2
149	150	-1
149	177	2
150	151	2
150	178	-2
151	152	1
151	179	-2
152	153	-1
152	180	2
153	154	1
153	181	-2
154	155	-2
154	182	1
155	156	-1
155	183	1
156	157	-1
156	184	2
157	158	-2
157	185	2
158	159	-1
158	186	1
159	160	2
159	187	-2
160	161	2
160	188	1
161	162	-2
161	189	-2
162	163	-2
162	190	1
163	164	2
163	191	-2
164	165	-1
164	192	1
165	166	-2
165	193	-2
166	167	-1
166	194	-1
167	195	2
168	169	-1
168	195	2
168	196	1
169	170	-1
169	197	1
170	171	1
170	198	-2
171	172	1
171	199	2
172	173	-2
172	200	-1
173	174	1
173	201	-2
174	175	1
174	202	1
175	176	1
175	203	-1
176	177	-1
176	204	-2
177	178	-2
177	205	2
178	179	1
178	206	1
179	180	1
179	207	-1
180	181	2
180	208	-2
181	182	2
181	209	-2
182	183	2
182	210	-1
183	184	2
183	211	-2
184	185	1
184	212	1
185	186	1
185	213	1
186	187	2
186	214	-1
187	188	2
187	215	2
188	189	2
188	216	1
189	190	-2
189	217	-1
190	191	-2
190	218	-2
191	192	2
191	219	1
192	193	-2
192	220	-1
193	194	1
193	221	1
194	195	-2
194	222	-2
195	223	2
196	197	1
196	223	-1
196	224	-1
197	198	1
197	225	1
198	199	2
198	226	-1
199	200	2
199	227	1
200	201	2
200	228	-2
201	202	2
201	229	1
202	203	1
202	230	1
203	204	-1
203	231	2
204	205	-2
204	232	1
205	206	1
205	233	1
206	207	1
206	234	-2
207	208	1
207	235	-1
208	209	-1
208	236	2
209	210	-2
209	237	-1
210	211	-1
210	238	1
211	212	-2
211	239	1
212	213	-1
212	240	-2
213	214	1
213	241	-2
214	215	2
214	242	2
215	216	2
215	243	-1
216	217	2
216	244	2
217	218	2
217	245	1
218	219	-1
218	246	2
219	220	-2
219	247	1
220	221	-2
220	248	1
221	222	-1
221	249	-1
222	223	-1
222	250	1
223	251	-1
224	225	2
224	251	1
224	252	-1
225	226	1
225	253	2
226	227	-1
226	254	2
227	228	1
227	255	-1
228	229	-2
228	256	2
229	230	-2
229	257	-1
230	231	-2
230	258	-1
231	232	2
231	259	2
232	233	-2
232	260	1
233	234	2
233	261	1
234	235	2
234	262	-2
235	236	2
235	263	1
236	237	2
236	264	1
237	238	-2
237	265	1
238	239	1
238	266	1
239	240	-1
239	267	-2
240	241	-1
240	268	-1
241	242	1
241	269	-1
242	243	-2
242	270	2
243	244	1
243	271	-1
244	245	1
244	272	-1
245	246	-1
245	273	1
246	247	-1
246	274	2
247	248	2
247	275	2
248	249	2
248	276	-1
249	250	-1
249	277	2
250	251	-2
250	278	1
251	279	1
252	253	1
252	279	-2
252	280	2
253	254	-2
253	281	2
254	255	-2
254	282	1
255	256	1
255	283	-2
256	257	-1
256	284	-1
257	258	1
257	285	2
258	259	-2
258	286	-1
259	260	-2
259	287	2
260	261	2
260	288	-1
261	262	-1
261	289	-1
262	263	1
262	290	-1
263	264	2
263	291	2
264	265	-2
264	292	1
265	266	-1
265	293	-2
266	267	2
266	294	2
267	268	-1
267	295	-2
268	269	1
268	296	-1
269	270	-1
269	297	1
270	271	-1
270	298	-2
271	272	1
271	299	1
272	273	1
272	300	-1
273	274	-2
273	301	1
274	275	1
274	302	1
275	276	1
275	303	2
276	277	2
276	304	1
277	278	1
277	305	-2
278	279	1
278	306	2
279	307	-2
280	281	2
280	307	-1
280	308	-2
281	282	2
281	309	-1
282	283	1
282	310	2
283	284	-2
283	311	-2
284	285	-2
284	312	-1
285	286	1
285	313	1
286	287	1
286	314	-1
287	288	-2
287	315	-1
288	289	-1
288	316	2
289	290	1
289	317	-2
290	291	-2
290	318	1
291	292	-1
291	319	1
292	293	-2
292	320	1
293	294	-1
293	321	-1
294	295	1
294	322	-1
295	296	2
295	323	1
296	297	2
296	324	1
297	298	-2
297	325	-2
298	299	2
298	326	-2
299	300	1
299	327	2
300	301	1
300	328	-1
301	302	2
301	329	1
302	303	-2
302	330	-1
303	304	-2
303	331	1
304	305	1
304	332	-2
305	306	1
305	333	1
306	307	-2
306	334	2
307	335	2
308	309	-2
308	335	-2
308	336	-1
309	310	1
309	337	1
310	311	1
310	338	-1
311	312	1
311	339	1
312	313	-2
312	340	-1
313	314	2
313	341	2
314	315	-1
314	342	1
315	316	-1
315	343	-1
316	317	-2
316	344	1
317	318	2
317	345	-1
318	319	2
318	346	-1
319	320	-2
319	347	2
320	321	-1
320	348	-1
321	322	2
321	349	2
322	323	1
322	350	1
323	324	-1
323	351	-2
324	325	1
324	352	1
325	326	-2
325	353	-1
326	327	1
326	354	-2
327	328	-2
327	355	-2
328	329	2
328	356	2
329	330	1
329	357	1
330	331	-2
330	358	-2
331	332	-1
331	359	2
332	333	2
332	360	2
333	334	-2
333	361	-2
334	335	1
334	362	-1
335	363	-1
336	337	1
336	363	2
336	364	-1
337	338	1
337	365	-1
338	339	1
338	366	-1
339	340	1
339	367	-2
340	341	-1
340	368	-1
341	342	-2
341	369	1
342	343	1
342	370	-1
343	344	-1
343	371	1
344	345	1
344	372	1
345	346	-2
345	373	-1
346	347	-2
346	374	2
347	348	-1
347	375	-2
348	349	-1
348	376	1
349	350	-2
349	377	-1
350	351	-1
350	378	2
351	352	-2
351	379	-2
352	353	1
352	380	-2
353	354	1
353	381	2
354	355	1
354	382	-2
355	356	-1
355	383	-2
356	357	1
356	384	-2
357	358	2
357	385	-2
358	359	2
358	386	1
359	360	1
359	387	2
360	361	-1
360	388	-1
361	362	1
361	389	2
362	363	2
362	390	-2
363	391	-1
364	365	-1
364	391	-2
364	392	1
365	366	-1
365	393	1
366	367	-2
366	394	-2
367	368	1
367	395	1
368	369	-1
368	396	2
369	370	2
369	397	-1
370	371	1
370	398	-2
371	372	1
371	399	-1
372	373	1
372	400	-1
373	374	2
373	401	1
374	375	-1
374	402	2
375	376	2
375	403	2
376	377	-1
376	404	1
377	378	2
377	405	1
378	379	-2
378	406	-2
379	380	-2
379	407	-2
380	381	1
380	408	1
381	382	2
381	409	2
382	383	-2
382	410	-1
383	384	2
383	411	-2
384	385	-2
384	412	-1
385	386	1
385	413	-2
386	387	-1
386	414	-2
387	388	1
387	415	-1
388	389	-2
388	416	-1
389	390	-1
389	417	-1
390	391	-1
390	418	-2
391	419	-1
392	393	2
392	419	-2
392	420	2
393	394	-2
393	421	1
394	395	-1
394	422	1
395	396	-2
395	423	-2
396	397	-2
396	424	-1
397	398	-1
397	425	-2
398	399	1
398	426	-2
399	400	-1
399	427	2
400	401	-1
400	428	-1
401	402	-1
401	429	2
402	403	1
402	430	1
403	404	-1
403	431	-1
404	405	-2
404	432	1
405	406	1
405	433	1
406	407	1
406	434	-1
407	408	-2
407	435	1
408	409	1
408	436	1
409	410	1
409	437	1
410	411	1
410	438	1
411	412	-1
411	439	-1
412	413	1
412	440	1
413	414	-2
413	441	-1
414	415	1
414	442	2
415	416	-1
415	443	1
416	417	2
416	444	1
417	418	1
417	445	1
418	419	-1
418	446	1
419	447	-1
420	421	-2
420	447	2
420	448	2
421	422	1
421	449	-1
422	423	-2
422	450	-2
423	424	-1
423	451	2
424	425	2
424	452	1
425	426	2
425	453	2
426	427	1
426	454	-1
427	428	2
427	455	-1
428	429	-2
428	456	-2
429	430	2
429	457	2
430	431	1
430	458	-1
431	432	2
431	459	-1
432	433	2
432	460	-1
433	434	2
433	461	-2
434	435	1
434	462	-2
435	436	-1
435	463	-2
436	437	-1
436	464	2
437	438	-2
437	465	1
438	439	1
438	466	1
439	440	-1
439	467	1
440	441	1
440	468	-1
441	442	2
441	469	2
442	443	-2
442	470	-1
443	444	-1
443	471	-1
444	445	-2
444	472	1
445	446	-1
445	473	2
446	447	-1
446	474	1
447	475	-2
448	449	2
448	475	1
448	476	-1
449	450	-1
449	477	-1
450	451	1
450	478	-2
451	452	2
451	479	-1
452	453	1
452	480	1
453	454	2
453	481	-2
454	455	-2
454	482	-2
455	456	-2
455	483	-1
456	457	2
456	484	-1
457	458	2
457	485	-2
458	459	-1
458	486	2
459	460	-2
459	487	2
460	461	-2
460	488	2
461	462	-1
461	489	1
462	463	2
462	490	1
463	464	-1
463	491	-1
464	465	-2
464	492	1
465	466	2
465	493	1
466	467	1
466	494	-2
467	468	-1
467	495	2
468	469	-2
468	496	-1
469	470	1
469	497	1
470	471	-2
470	498	2
471	472	-1
471	499	-1
472	473	1
472	500	-2
473	474	2
473	501	1
474	475	1
474	502	-2
475	503	2
476	477	-2
476	503	1
476	504	1
477	478	2
477	505	1
478	479	-2
478	506	2
479	480	1
479	507	2
480	481	2
480	508	-1
481	482	1
481	509	-1
482	483	1
482	510	1
483	484	1
483	511	2
484	485	-2
484	512	2
485	486	-2
485	513	-2
486	487	2
486	514	-2
487	488	-1
487	515	1
488	489	1
488	516	-1
489	490	-1
489	517	1
490	491	2
490	518	1
491	492	1
491	519	-1
492	493	1
492	520	2
493	494	1
493	521	1
494	495	1
494	522	-1
495	496	-1
495	523	-1
496	497	-1
496	524	-1
497	498	-1
497	525	-1
498	499	-1
498	526	-1
499	500	2
499	527	-1
500	501	1
500	528	-2
501	502	-1
501	529	-1
502	503	2
502	530	-1
503	531	1
504	505	1
504	531	-1
504	532	1
505	506	-2
505	533	-2
506	507	-2
506	534	-2
507	508	2
507	535	2
508	509	-1
508	536	2
509	510	1
509	537	1
510	511	1
510	538	1
511	512	-2
511	539	1
512	513	2
512	540	-2
513	514	1
513	541	1
514	515	1
514	542	-1
515	516	-1
515	543	-2
516	517	1
516	544	-1
517	518	1
517	545	2
518	519	-1
518	546	1
519	520	2
519	547	-2
520	521	1
520	548	-1
521	522	1
521	549	-2
522	523	-1
522	550	-2
523	524	1
523	551	1
524	525	-1
524	552	-1
525	526	1
525	553	-1
526	527	1
526	554	2
527	528	-1
527	555	1
528	529	1
528	556	2
529	530	1
529	557	2
530	531	2
530	558	-2
531	559	1
532	533	2
532	559	-1
532	560	-2
533	534	-2
533	561	-1
534	535	-1
534	562	-2
535	536	2
535	563	1
536	537	2
536	564	-1
537	538	-2
537	565	1
538	539	-1
538	566	-2
539	540	-2
539	567	1
540	541	2
540	568	-2
541	542	1
541	569	2
542	543	-2
542	570	2
543	544	2
543	571	1
544	545	2
544	572	1
545	546	2
545	573	-2
546	547	-1
546	574	2
547	548	2
547	575	-1
548	549	-2
548	576	-2
549	550	2
549	577	1
550	551	-1
550	578	-1
551	552	-1
551	579	2
552	553	2
552	580	-1
553	554	-2
553	581	1
554	555	-2
554	582	-1
555	556	-1
555	583	1
556	557	-2
556	584	2
557	558	-2
557	585	1
558	559	2
558	586	2
559	587	-2
560	561	-2
560	587	2
560	588	1
561	562	2
561	589	-1
562	563	-1
562	590	1
563	564	2
563	591	1
564	565	2
564	592	-1
565	566	-1
565	593	2
566	567	-1
566	594	1
567	568	-1
567	595	2
568	569	-2
568	596	-2
569	570	-1
569	597	-1
570	571	1
570	598	1
571	572	-1
571	599	-1
572	573	1
572	600	-1
573	574	1
573	601	-1
574	575	1
574	602	2
575	576	-2
575	603	1
576	577	2
576	604	-1
577	578	2
577	605	2
578	579	-2
578	606	-1
579	580	-2
579	607	1
580	581	-1
580	608	2
581	582	-2
581	609	1
582	583	1
582	610	-1
583	584	2
583	611	-1
584	585	2
584	612	-2
585	586	1
585	613	1
586	587	-2
586	614	-1
587	615	2
588	589	-2
588	615	2
588	616	-2
589	590	2
589	617	-1
590	591	2
590	618	2
591	592	-1
591	619	-2
592	593	2
592	620	2
593	594	-2
593	621	2
594	595	2
594	622	-1
595	596	-2
595	623	-1
596	597	2
596	624	2
597	598	-1
597	625	-1
598	599	1
598	626	2
599	600	-1
599	627	-1
600	601	-1
600	628	2
601	602	-1
601	629	-2
602	603	-2
602	630	2
603	604	1
603	631	2
604	605	1
604	632	2
605	606	1
605	633	2
606	607	-1
606	634	-2
607	608	2
607	635	-1
608	609	2
608	636	-2
609	610	-2
609	637	-2
610	611	-1
610	638	-1
611	612	2
611	639	2
612	613	1
612	640	-1
613	614	-1
613	641	1
614	615	-1
614	642	2
615	643	1
616	617	1
616	643	2
616	644	2
617	618	1
617	645	-1
618	619	-2
618	646	-1
619	620	-1
619	647	2
620	621	2
620	648	-1
621	622	-1
621	649	-1
622	623	-2
622	650	1
623	624	-1
623	651	2
624	625	2
624	652	2
625	626	-2
625	653	1
626	627	1
626	654	-2
627	628	-2
627	655	-2
628	629	2
628	656	-1
629	630	-2
629	657	-2
630	631	-2
630	658	-2
631	632	-2
631	659	1
632	633	2
632	660	-2
633	634	1
633	661	1
634	635	-1
634	662	2
635	636	-1
635	663	2
636	637	-1
636	664	1
637	638	1
637	665	-2
638	639	-1
638	666	1
639	640	1
639	667	-2
640	641	-2
640	668	-1
641	642	2
641	669	1
642	643	1
642	670	-1
643	671	-2
644	645	2
644	671	1
644	672	-2
645	646	1
645	673	1
646	647	-1
646	674	-1
647	648	-1
647	675	2
648	649	-1
648	676	1
649	650	-2
649	677	-1
650	651	1
650	678	-2
651	652	-1
651	679	-2
652	653	-2
652	680	-1
653	654	-1
653	681	-2
654	655	-2
654	682	-1
655	656	1
655	683	-2
656	657	-2
656	684	1
657	658	1
657	685	1
658	659	-1
658	686	2
659	660	1
659	687	-1
660	661	1
660	688	-1
661	662	-1
661	689	-1
662	663	2
662	690	-1
663	664	-1
663	691	2
664	665	-2
664	692	-1
665	666	1
665	693	2
666	667	-2
666	694	-2
667	668	2
667	695	-1
668	669	-2
668	696	-2
669	670	-1
669	697	-1
670	671	-2
670	698	-2
671	699	-1
672	673	-2
672	699	-2
672	700	1
673	674	1
673	701	2
674	675	-1
674	702	-1
675	676	1
675	703	-2
676	677	-2
676	704	-2
677	678	2
677	705	-2
678	679	1
678	706	-1
679	680	2
679	707	-1
680	681	-1
680	708	2
681	682	2
681	709	-2
682	683	2
682	710	-1
683	684	2
683	711	-1
684	685	2
684	712	2
685	686	-2
685	713	-1
686	687	2
686	714	-1
687	688	-2
687	715	-2
688	689	1
688	716	-2
689	690	1
689	717	2
690	691	-1
690	718	2
691	692	-2
691	719	2
692	693	-1
692	720	-1
693	694	1
693	721	-1
694	695	-1
694	722	-1
695	696	-1
695	723	-2
696	697	1
696	724	-1
697	698	2
697	725	1
698	699	-2
698	726	2
699	727	-1
700	701	1
700	727	1
700	728	2
701	702	2
701	729	-2
702	703	2
702	730	-2
703	704	-1
703	731	1
704	705	1
704	732	1
705	706	-2
705	733	1
706	707	-1
706	734	2
707	708	-2
707	735	1
708	709	-2
708	736	2
709	710	1
709	737	1
710	711	-2
710	738	2
711	712	-1
711	739	-2
712	713	2
712	740	-2
713	714	1
713	741	1
714	715	-1
714	742	-1
715	716	-2
715	743	-1
716	717	1
716	744	2
717	718	-1
717	745	1
718	719	1
718	746	-1
719	720	-2
719	747	2
720	721	1
720	748	2
721	722	-1
721	749	-1
722	723	2
722	750	-1
723	724	2
723	751	2
724	725	2
724	752	-2
725	726	-2
725	753	-2
726	727	-1
726	754	-2
727	755	-2
728	729	2
728	755	2
728	756	1
729	730	-1
729	757	-1
730	731	-2
730	758	-1
731	732	1
731	759	-1
732	733	-2
732	760	1
733	734	1
733	761	-2
734	735	-1
734	762	-2
735	736	2
735	763	-2
736	737	1
736	764	1
737	738	-2
737	765	-1
738	739	1
738	766	-1
739	740	1
739	767	1
740	741	-1
740	768	1
741	742	1
741	769	-1
742	743	2
742	770	-2
743	744	-2
743	771	2
744	745	-2
744	772	1
745	746	-2
745	773	1
746	747	-1
746	774	2
747	748	1
747	775	1
748	749	-1
748	776	1
749	750	1
749	777	2
750	751	-2
750	778	1
751	752	1
751	779	2
752	753	2
752	780	2
753	754	1
753	781	-2
754	755	1
754	782	1
755	783	-2
756	757	1
756	783	-1
757	758	-1
758	759	2
759	760	2
760	761	-1
761	762	-1
762	763	2
763	764	-2
764	765	1
765	766	1
766	767	1
767	768	1
768	769	-1
769	770	2
770	771	1
771	772	1
772	773	2
773	774	1
774	775	2
775	776	-2
776	777	2
777	778	1
778	779	1
779	780	1
780	781	1
781	782	2
782	783	2
