0	1	-1
0	27	-1
0	28	-2
0	756	1
1	2	2
1	29	-2
1	757	2
2	3	1
2	30	2
2	758	1
3	4	2
3	31	-1
3	759	-1
4	5	-2
4	32	-2
4	760	2
5	6	2
5	33	2
5	761	-1
6	7	-1
6	34	-2
6	762	-2
7	8	-1
7	35	-1
7	763	1
8	9	1
8	36	-2
8	764	-2
9	10	-2
9	37	-2
9	765	2
10	11	-1
10	38	1
10	766	-1
11	12	2
11	39	2
11	767	2
12	13	1
12	40	-1
12	768	-1
13	14	1
13	41	-1
13	769	-1
14	15	-2
14	42	1
14	770	-1
15	16	1
15	43	-1
15	771	-1
16	17	2
16	44	-2
16	772	-1
17	18	-2
17	45	2
17	773	2
18	19	-2
18	46	-1
18	774	-1
19	20	1
19	47	1
19	775	-2
20	21	1
20	48	-2
20	776	-2
21	22	-2
21	49	-2
21	777	1
22	23	1
22	50	1
22	778	2
23	24	-2
23	51	-2
23	779	-1
24	25	-2
24	52	-1
24	780	-2
25	26	1
25	53	-2
25	781	2
26	27	2
26	54	-2
26	782	-2
27	55	1
27	783	-1
28	29	1
28	55	2
28	56	-1
29	30	-2
29	57	2
30	31	2
30	58	-1
31	32	1
31	59	1
32	33	-1
32	60	-1
33	34	1
33	61	2
34	35	2
34	62	-1
35	36	-2
35	63	-2
36	37	-1
36	64	1
37	38	-2
37	65	1
38	39	1
38	66	-1
39	40	-1
39	67	1
40	41	-2
40	68	1
41	42	1
41	69	-1
42	43	-2
42	70	1
43	44	-2
43	71	1
44	45	1
44	72	2
45	46	-2
45	73	2
46	47	-2
46	74	1
47	48	-2
47	75	-1
48	49	-1
48	76	2
49	50	1
49	77	-1
50	51	2
50	78	1
51	52	-2
51	79	2
52	53	1
52	80	1
53	54	-1
53	81	-1
54	55	1
54	82	2
55	83	-2
56	57	1
56	83	-2
56	84	1
57	58	-2
57	85	-1
58	59	-1
58	86	-1
59	60	1
59	87	-1
60	61	-2
60	88	1
61	62	2
61	89	2
62	63	1
62	90	2
63	64	-1
63	91	-1
64	65	-1
64	92	1
65	66	-2
65	93	-1
66	67	-1
66	94	-1
67	68	1
67	95	-1
68	69	1
68	96	-1
69	70	1
69	97	1
70	71	-1
70	98	2
71	72	2
71	99	2
72	73	-2
72	100	-2
73	74	2
73	101	1
74	75	1
74	102	-1
75	76	-1
75	103	1
76	77	2
76	104	-1
77	78	1
77	105	1
78	79	-1
78	106	2
79	80	1
79	107	2
80	81	-1
80	108	-2
81	82	-1
81	109	2
82	83	1
82	110	1
83	111	-1
84	85	1
84	111	-1
84	112	2
85	86	2
85	113	1
86	87	1
86	114	1
87	88	-1
87	115	-2
88	89	1
88	116	-2
89	90	1
89	117	-1
90	91	2
90	118	1
91	92	1
91	119	-1
92	93	-1
92	120	-2
93	94	-1
93	121	-2
94	95	1
94	122	-2
95	96	1
95	123	1
96	97	1
96	124	-1
97	98	2
97	125	2
98	99	1
98	126	-1
99	100	-1
99	127	1
100	101	-1
100	128	2
101	102	1
101	129	2
102	103	1
102	130	1
103	104	-2
103	131	-2
104	105	2
104	132	1
105	106	1
105	133	-1
106	107	1
106	134	2
107	108	1
107	135	-1
108	109	-2
108	136	1
109	110	-1
109	137	-2
110	111	1
110	138	-1
111	139	-2
112	113	1
112	139	-1
112	140	1
113	114	-2
113	141	-1
114	115	2
114	142	-2
115	116	2
115	143	2
116	117	-2
116	144	2
117	118	1
117	145	-1
118	119	1
118	146	-1
119	120	-2
119	147	1
120	121	2
120	148	-2
121	122	1
121	149	1
122	123	-1
122	150	1
123	124	1
123	151	-1
124	125	1
124	152	1
125	126	1
125	153	2
126	127	-1
126	154	2
127	128	2
127	155	-1
128	129	1
128	156	2
129	130	-2
129	157	-2
130	131	-1
130	158	-1
131	132	-1
131	159	-1
132	133	1
132	160	-1
133	134	1
133	161	-1
134	135	-1
134	162	1
135	136	1
135	163	-1
136	137	1
136	164	-1
137	138	2
137	165	-2
138	139	-1
138	166	-1
139	167	2
140	141	1
140	167	-1
140	168	-2
141	142	1
141	169	1
142	143	1
142	170	-2
143	144	-1
143	171	-1
144	145	-1
144	172	-1
145	146	1
145	173	1
146	147	1
146	174	-1
147	148	2
147	175	2
148	149	1
148	176	-1
149	150	-2
149	177	2
150	151	-1
150	178	-1
151	152	-2
151	179	2
152	153	-1
152	180	1
153	154	2
153	181	1
154	155	-2
154	182	-2
155	156	2
155	183	2
156	157	1
156	184	-1
157	158	1
157	185	-1
158	159	1
158	186	-1
159	160	2
159	187	1
160	161	-1
160	188	1
161	162	-2
161	189	2
162	163	-1
162	190	-2
163	164	-1
163	191	-1
164	165	-1
164	192	1
165	166	-2
165	193	1
166	167	-2
166	194	-2
167	195	-2
168	169	-2
168	195	2
168	196	1
169	170	2
169	197	1
170	171	1
170	198	2
171	172	1
171	199	1
172	173	1
172	200	-1
173	174	1
173	201	2
174	175	-1
174	202	1
175	176	1
175	203	-2
176	177	1
176	204	-1
177	178	-1
177	205	-1
178	179	2
178	206	-2
179	180	1
179	207	-1
180	181	2
180	208	1
181	182	1
181	209	-2
182	183	2
182	210	-1
183	184	2
183	211	-1
184	185	-1
184	212	-1
185	186	-1
185	213	-1
186	187	-1
186	214	2
187	188	-2
187	215	-2
188	189	-2
188	216	-1
189	190	-1
189	217	-2
190	191	-2
190	218	2
191	192	-1
191	219	-1
192	193	2
192	220	-1
193	194	-2
193	221	1
194	195	-1
194	222	-1
195	223	2
196	197	2
196	223	2
196	224	-1
197	198	-2
197	225	-2
198	199	-2
198	226	-1
199	200	-1
199	227	2
200	201	2
200	228	1
201	202	2
201	229	1
202	203	-2
202	230	-2
203	204	1
203	231	-1
204	205	-1
204	232	-1
205	206	-2
205	233	2
206	207	-2
206	234	1
207	208	-2
207	235	-1
208	209	1
208	236	-2
209	210	2
209	237	-1
210	211	-1
210	238	1
211	212	-1
211	239	1
212	213	1
212	240	1
213	214	1
213	241	-1
214	215	-1
214	242	1
215	216	-1
215	243	2
216	217	1
216	244	1
217	218	-2
217	245	1
218	219	-2
218	246	1
219	220	1
219	247	2
220	221	2
220	248	-1
221	222	-2
221	249	-2
222	223	-1
222	250	-1
223	251	1
224	225	-1
224	251	2
224	252	1
225	226	2
225	253	1
226	227	-2
226	254	-2
227	228	2
227	255	-1
228	229	1
228	256	2
229	230	2
229	257	-2
230	231	1
230	258	-2
231	232	-1
231	259	2
232	233	-2
232	260	-1
233	234	1
233	261	2
234	235	1
234	262	2
235	236	1
235	263	2
236	237	-1
236	264	-1
237	238	2
237	265	1
238	239	2
238	266	-2
239	240	1
239	267	-1
240	241	-1
240	268	-1
241	242	1
241	269	-1
242	243	-2
242	270	-1
243	244	2
243	271	-2
244	245	-1
244	272	2
245	246	2
245	273	-2
246	247	2
246	274	1
247	248	2
247	275	1
248	249	-1
248	276	1
249	250	1
249	277	-1
250	251	-1
250	278	-1
251	279	-1
252	253	1
252	279	-2
252	280	-2
253	254	2
253	281	1
254	255	1
254	282	1
255	256	-1
255	283	-2
256	257	2
256	284	1
257	258	2
257	285	2
258	259	2
258	286	-2
259	260	1
259	287	1
260	261	-1
260	288	1
261	262	2
261	289	2
262	263	-2
262	290	1
263	264	2
263	291	2
264	265	-1
264	292	-1
265	266	-2
265	293	-1
266	267	-2
266	294	1
267	268	1
267	295	1
268	269	1
268	296	1
269	270	-2
269	297	-1
270	271	2
270	298	-1
271	272	-2
271	299	1
272	273	-2
272	300	2
273	274	1
273	301	1
274	275	-2
274	302	-1
275	276	-1
275	303	1
276	277	-1
276	304	1
277	278	-2
277	305	-1
278	279	1
278	306	-2
279	307	1
280	281	-2
280	307	-1
280	308	-2
281	282	-1
281	309	1
282	283	-1
282	310	2
283	284	-2
283	311	-1
284	285	2
284	312	-2
285	286	1
285	313	1
286	287	1
286	314	-1
287	288	-2
287	315	2
288	289	1
288	316	2
289	290	-1
289	317	1
290	291	2
290	318	-2
291	292	1
291	319	-2
292	293	1
292	320	-2
293	294	-2
293	321	2
294	295	2
294	322	-1
295	296	-1
295	323	2
296	297	2
296	324	-2
297	298	2
297	325	1
298	299	1
298	326	-2
299	300	1
299	327	2
300	301	-2
300	328	-1
301	302	1
301	329	-2
302	303	-2
302	330	-2
303	304	1
303	331	-1
304	305	1
304	332	-1
305	306	1
305	333	2
306	307	1
306	334	2
307	335	2
308	309	-1
308	335	1
308	336	-1
309	310	1
309	337	-2
310	311	-2
310	338	1
311	312	2
311	339	-2
312	313	1
312	340	1
313	314	-1
313	341	1
314	315	2
314	342	1
315	316	1
315	343	2
316	317	-2
316	344	2
317	318	-1
317	345	-2
318	319	-1
318	346	2
319	320	-1
319	347	-2
320	321	1
320	348	-2
321	322	1
321	349	-2
322	323	1
322	350	2
323	324	1
323	351	1
324	325	2
324	352	1
325	326	1
325	353	-2
326	327	1
326	354	2
327	328	2
327	355	2
328	329	2
328	356	1
329	330	2
329	357	1
330	331	1
330	358	1
331	332	2
331	359	1
332	333	1
332	360	1
333	334	1
333	361	-1
334	335	-1
334	362	2
335	363	-1
336	337	-1
336	363	-1
336	364	2
337	338	2
337	365	2
338	339	2
338	366	-1
339	340	2
339	367	2
340	341	1
340	368	-2
341	342	1
341	369	-1
342	343	1
342	370	-2
343	344	-1
343	371	-1
344	345	1
344	372	1
345	346	-2
345	373	-1
346	347	-1
346	374	-2
347	348	1
347	375	-2
348	349	-1
348	376	1
349	350	1
349	377	1
350	351	-2
350	378	-1
351	352	-1
351	379	2
352	353	1
352	380	2
353	354	1
353	381	2
354	355	1
354	382	-2
355	356	-1
355	383	2
356	357	2
356	384	1
357	358	-2
357	385	-2
358	359	1
358	386	2
359	360	-2
359	387	-2
360	361	2
360	388	1
361	362	2
361	389	-1
362	363	1
362	390	-1
363	391	1
364	365	2
364	391	-2
364	392	2
365	366	-2
365	393	1
366	367	1
366	394	-1
367	368	-1
367	395	-1
368	369	-2
368	396	1
369	370	-1
369	397	1
370	371	-2
370	398	1
371	372	-2
371	399	2
372	373	1
372	400	1
373	374	-2
373	401	-1
374	375	1
374	402	-2
375	376	-1
375	403	-2
376	377	1
376	404	-2
377	378	-1
377	405	2
378	379	-1
378	406	2
379	380	1
379	407	1
380	381	-1
380	408	-1
381	382	2
381	409	1
382	383	2
382	410	-2
383	384	-2
383	411	2
384	385	2
384	412	-1
385	386	-1
385	413	-1
386	387	1
386	414	2
387	388	2
387	415	1
388	389	2
388	416	-2
389	390	-1
389	417	1
390	391	1
390	418	1
391	419	-1
392	393	-1
392	419	-1
392	420	2
393	394	-2
393	421	-2
394	395	-2
394	422	-2
395	396	-2
395	423	-1
396	397	-2
396	424	-1
397	398	1
397	425	-1
398	399	-2
398	426	1
399	400	2
399	427	2
400	401	2
400	428	1
401	402	1
401	429	-1
402	403	-2
402	430	1
403	404	2
403	431	1
404	405	-2
404	432	-2
405	406	1
405	433	-2
406	407	-2
406	434	-2
407	408	1
407	435	-1
408	409	2
408	436	1
409	410	1
409	437	2
410	411	-1
410	438	1
411	412	-1
411	439	1
412	413	-2
412	440	-2
413	414	-1
413	441	-1
414	415	-2
414	442	-2
415	416	1
415	443	-1
416	417	1
416	444	2
417	418	1
417	445	2
418	419	2
418	446	-1
419	447	2
420	421	-1
420	447	1
420	448	2
421	422	-1
421	449	-2
422	423	1
422	450	-2
423	424	2
423	451	1
424	425	2
424	452	-2
425	426	-1
425	453	2
426	427	2
426	454	-1
427	428	2
427	455	-2
428	429	2
428	456	1
429	430	-1
429	457	-2
430	431	1
430	458	1
431	432	1
431	459	-2
432	433	1
432	460	1
433	434	-2
433	461	1
434	435	2
434	462	-2
435	436	-1
435	463	-1
436	437	-1
436	464	-1
437	438	-1
437	465	-2
438	439	1
438	466	-2
439	440	2
439	467	2
440	441	1
440	468	1
441	442	-1
441	469	-1
442	443	1
442	470	1
443	444	1
443	471	1
444	445	-1
444	472	-1
445	446	2
445	473	-1
446	447	1
446	474	-2
447	475	1
448	449	-2
448	475	-1
448	476	2
449	450	1
449	477	1
450	451	1
450	478	1
451	452	1
451	479	2
452	453	-2
452	480	1
453	454	-2
453	481	-1
454	455	-2
454	482	2
455	456	1
455	483	-1
456	457	1
456	484	-2
457	458	-2
457	485	-1
458	459	-2
458	486	-1
459	460	2
459	487	-1
460	461	-2
460	488	-2
461	462	-2
461	489	-1
462	463	1
462	490	1
463	464	1
463	491	-1
464	465	-1
464	492	1
465	466	1
465	493	1
466	467	1
466	494	2
467	468	-2
467	495	2
468	469	-1
468	496	-1
469	470	-1
469	497	2
470	471	1
470	498	-2
471	472	1
471	499	-2
472	473	-2
472	500	2
473	474	-1
473	501	-1
474	475	1
474	502	-1
475	503	1
476	477	1
476	503	-2
476	504	-2
477	478	1
477	505	-1
478	479	-2
478	506	-1
479	480	-2
479	507	2
480	481	-1
480	508	1
481	482	-1
481	509	2
482	483	-1
482	510	2
483	484	-2
483	511	-1
484	485	-2
484	512	1
485	486	2
485	513	-2
486	487	2
486	514	1
487	488	2
487	515	-1
488	489	2
488	516	-1
489	490	1
489	517	-1
490	491	1
490	518	2
491	492	-1
491	519	2
492	493	2
492	520	-1
493	494	1
493	521	-1
494	495	-1
494	522	1
495	496	-1
495	523	-1
496	497	-2
496	524	1
497	498	2
497	525	2
498	499	-1
498	526	-1
499	500	1
499	527	2
500	501	-1
500	528	2
501	502	-2
501	529	-1
502	503	1
502	530	-2
503	531	-1
504	505	-2
504	531	2
504	532	-1
505	506	-1
505	533	-2
506	507	2
506	534	-1
507	508	1
507	535	-2
508	509	1
508	536	-1
509	510	2
509	537	1
510	511	1
510	538	2
511	512	-2
511	539	1
512	513	1
512	540	-2
513	514	1
513	541	2
514	515	1
514	542	-2
515	516	-2
515	543	-1
516	517	-2
516	544	2
517	518	2
517	545	-1
518	519	1
518	546	-1
519	520	-2
519	547	2
520	521	-1
520	548	1
521	522	1
521	549	-2
522	523	-1
522	550	2
523	524	-1
523	551	-1
524	525	-1
524	552	2
525	526	2
525	553	-1
526	527	-1
526	554	1
527	528	-1
527	555	-2
528	529	1
528	556	1
529	530	1
529	557	2
530	531	-1
530	558	1
531	559	1
532	533	2
532	559	-2
532	560	2
533	534	-2
533	561	2
534	535	-2
534	562	2
535	536	2
535	563	1
536	537	1
536	564	1
537	538	-2
537	565	-2
538	539	-2
538	566	2
539	540	2
539	567	-1
540	541	1
540	568	1
541	542	1
541	569	-2
542	543	-2
542	570	1
543	544	1
543	571	-2
544	545	-1
544	572	-2
545	546	1
545	573	2
546	547	1
546	574	2
547	548	2
547	575	1
548	549	-1
548	576	-1
549	550	-1
549	577	-1
550	551	-2
550	578	1
551	552	-1
551	579	-1
552	553	-2
552	580	-1
553	554	2
553	581	-2
554	555	-1
554	582	-2
555	556	1
555	583	-1
556	557	-2
556	584	-1
557	558	-2
557	585	2
558	559	1
558	586	-1
559	587	1
560	561	-1
560	587	2
560	588	-1
561	562	1
561	589	-1
562	563	-1
562	590	2
563	564	-2
563	591	2
564	565	-2
564	592	-2
565	566	-1
565	593	1
566	567	1
566	594	-1
567	568	2
567	595	2
568	569	1
568	596	1
569	570	2
569	597	-1
570	571	2
570	598	2
571	572	-2
571	599	-2
572	573	1
572	600	-1
573	574	-2
573	601	2
574	575	-1
574	602	-1
575	576	2
575	603	-2
576	577	-1
576	604	-1
577	578	-1
577	605	-2
578	579	1
578	606	2
579	580	1
579	607	-1
580	581	-1
580	608	-1
581	582	-1
581	609	1
582	583	-1
582	610	-2
583	584	-1
583	611	2
584	585	-2
584	612	1
585	586	-2
585	613	1
586	587	1
586	614	1
587	615	-2
588	589	2
588	615	-1
588	616	-1
589	590	2
589	617	1
590	591	2
590	618	-1
591	592	2
591	619	1
592	593	-1
592	620	2
593	594	1
593	621	2
594	595	2
594	622	2
595	596	1
595	623	1
596	597	1
596	624	2
597	598	-2
597	625	2
598	599	1
598	626	-1
599	600	2
599	627	1
600	601	2
600	628	-1
601	602	1
601	629	-2
602	603	1
602	630	2
603	604	2
603	631	2
604	605	1
604	632	-1
605	606	1
605	633	1
606	607	2
606	634	-2
607	608	2
607	635	-2
608	609	-1
608	636	-1
609	610	-2
609	637	-2
610	611	-2
610	638	1
611	612	1
611	639	-2
612	613	2
612	640	-2
613	614	1
613	641	1
614	615	1
614	642	-1
615	643	2
616	617	-2
616	643	-2
616	644	-2
617	618	2
617	645	1
618	619	1
618	646	1
619	620	-1
619	647	-2
620	621	-1
620	648	2
621	622	-1
621	649	-1
622	623	-2
622	650	1
623	624	-1
623	651	-1
624	625	1
624	652	-1
625	626	-1
625	653	2
626	627	-2
626	654	-1
627	628	2
627	655	2
628	629	-2
628	656	-1
629	630	1
629	657	-2
630	631	-1
630	658	2
631	632	2
631	659	2
632	633	-1
632	660	1
633	634	1
633	661	1
634	635	1
634	662	1
635	636	-1
635	663	2
636	637	2
636	664	-2
637	638	-2
637	665	-2
638	639	-2
638	666	-1
639	640	-2
639	667	-1
640	641	2
640	668	2
641	642	1
641	669	-2
642	643	-1
642	670	1
643	671	2
644	645	-2
644	671	2
644	672	1
645	646	2
645	673	-2
646	647	2
646	674	1
647	648	-2
647	675	2
648	649	-2
648	676	-2
649	650	-2
649	677	-1
650	651	-2
650	678	-1
651	652	2
651	679	1
652	653	2
652	680	1
653	654	-1
653	681	-2
654	655	-2
654	682	1
655	656	-2
655	683	1
656	657	1
656	684	-2
657	658	-1
657	685	1
658	659	2
658	686	-2
659	660	-1
659	687	2
660	661	1
660	688	-2
661	662	-1
661	689	2
662	663	-1
662	690	-2
663	664	-1
663	691	-1
664	665	-1
664	692	2
665	666	1
665	693	1
666	667	2
666	694	1
667	668	-1
667	695	-1
668	669	1
668	696	1
669	670	2
669	697	2
670	671	2
670	698	-2
671	699	-1
672	673	-1
672	699	1
672	700	-2
673	674	1
673	701	-2
674	675	-1
674	702	2
675	676	-1
675	703	2
676	677	-2
676	704	-2
677	678	2
677	705	-1
678	679	1
678	706	1
679	680	-2
679	707	-1
680	681	-2
680	708	-1
681	682	-1
681	709	-1
682	683	-2
682	710	-2
683	684	-1
683	711	-1
684	685	-1
684	712	-2
685	686	-2
685	713	2
686	687	-2
686	714	-2
687	688	-1
687	715	1
688	689	-1
688	716	2
689	690	-1
689	717	2
690	691	-1
690	718	1
691	692	-2
691	719	-1
692	693	-1
692	720	-2
693	694	-1
693	721	2
694	695	-2
694	722	-2
695	696	-1
695	723	2
696	697	1
696	724	1
697	698	1
697	725	1
698	699	-1
698	726	1
699	727	1
700	701	1
700	727	1
700	728	1
701	702	1
701	729	1
702	703	1
702	730	-1
703	704	1
703	731	2
704	705	2
704	732	-2
705	706	1
705	733	1
706	707	1
706	734	-1
707	708	-1
707	735	-1
708	709	2
708	736	1
709	710	1
709	737	-2
710	711	1
710	738	-2
711	712	-2
711	739	2
712	713	-2
712	740	-1
713	714	2
713	741	2
714	715	-2
714	742	2
715	716	2
715	743	-1
716	717	1
716	744	2
717	718	-1
717	745	2
718	719	-1
718	746	1
719	720	1
719	747	2
720	721	-1
720	748	-1
721	722	2
721	749	1
722	723	-1
722	750	1
723	724	1
723	751	2
724	725	-1
724	752	-2
725	726	1
725	753	-1
726	727	1
726	754	-1
727	755	2
728	729	2
728	755	-2
728	756	-1
729	730	1
729	757	2
730	731	1
730	758	-1
731	732	1
731	759	1
732	733	-1
732	760	-2
733	734	1
733	761	1
734	735	2
734	762	2
735	736	-1
735	763	1
736	737	-1
736	764	1
737	738	-1
737	765	2
738	739	2
738	766	-1
739	740	-2
739	767	1
740	741	-1
740	768	-1
741	742	-1
741	769	-1
742	743	1
742	770	1
743	744	1
743	771	1
744	745	-1
744	772	1
745	746	2
745	773	-1
746	747	2
746	774	-1
747	748	2
747	775	2
748	749	2
748	776	1
749	750	-2
749	777	1
750	751	2
750	778	2
751	752	2
751	779	-1
752	753	-2
752	780	1
753	754	-1
753	781	1
754	755	1
754	782	1
755	783	2
756	757	1
756	783	-1
757	758	-1
758	759	1
759	760	2
760	761	-2
761	762	-1
762	763	-1
763	764	-2
764	765	2
765	766	-1
766	767	2
767	768	1
768	769	1
769	770	-1
770	771	-1
771	772	-1
772	773	-2
773	774	-1
774	775	1
775	776	-1
776	777	-2
777	778	2
778	779	2
779	780	1
780	781	2
781	782	2
782	783	-1
