0	1	-1
0	27	-1
0	28	-1
0	756	-1
1	2	1
1	29	-2
1	757	2
2	3	-2
2	30	-1
2	758	1
3	4	2
3	31	-1
3	759	1
4	5	-2
4	32	-1
4	760	-2
5	6	1
5	33	-1
5	761	-1
6	7	2
6	34	1
6	762	-1
7	8	2
7	35	-2
7	763	2
8	9	-1
8	36	1
8	764	-1
9	10	1
9	37	2
9	765	-2
10	11	1
10	38	-1
10	766	-2
11	12	2
11	39	-2
11	767	2
12	13	1
12	40	2
12	768	-1
13	14	-1
13	41	2
13	769	1
14	15	-2
14	42	1
14	770	-1
15	16	1
15	43	2
15	771	-2
16	17	-1
16	44	1
16	772	-1
17	18	-2
17	45	1
17	773	-2
18	19	1
18	46	1
18	774	-1
19	20	-1
19	47	2
19	775	-1
20	21	-2
20	48	-1
20	776	2
21	22	-2
21	49	-1
21	777	-2
22	23	1
22	50	1
22	778	-1
23	24	1
23	51	1
23	779	-1
24	25	2
24	52	-2
24	780	2
25	26	-1
25	53	-1
25	781	1
26	27	2
26	54	1
26	782	1
27	55	2
27	783	1
28	29	2
28	55	-1
28	56	-1
29	30	-1
29	57	2
30	31	1
30	58	1
31	32	-2
31	59	-1
32	33	2
32	60	2
33	34	1
33	61	-2
34	35	1
34	62	-1
35	36	-2
35	63	1
36	37	2
36	64	1
37	38	1
37	65	2
38	39	-2
38	66	1
39	40	-1
39	67	-1
40	41	-1
40	68	-1
41	42	-2
41	69	-2
42	43	1
42	70	-2
43	44	2
43	71	-2
44	45	1
44	72	-2
45	46	1
45	73	-1
46	47	-2
46	74	1
47	48	-1
47	75	-1
48	49	2
48	76	-1
49	50	2
49	77	2
50	51	-1
50	78	-1
51	52	-1
51	79	-2
52	53	-1
52	80	-2
53	54	-2
53	81	1
54	55	-2
54	82	-2
55	83	-1
56	57	-2
56	83	1
56	84	-1
57	58	2
57	85	-2
58	59	-1
58	86	-1
59	60	-1
59	87	-1
60	61	-1
60	88	-1
61	62	-2
61	89	1
62	63	-1
62	90	1
63	64	2
63	91	-1
64	65	2
64	92	2
65	66	-2
65	93	2
66	67	-2
66	94	2
67	68	1
67	95	-2
68	69	-2
68	96	2
69	70	1
69	97	2
70	71	1
70	98	-1
71	72	-1
71	99	2
72	73	2
72	100	1
73	74	1
73	101	-1
74	75	-1
74	102	1
75	76	1
75	103	-2
76	77	2
76	104	-2
77	78	1
77	105	1
78	79	-1
78	106	-1
79	80	2
79	107	2
80	81	2
80	108	-2
81	82	-1
81	109	1
82	83	1
82	110	-1
83	111	1
84	85	2
84	111	2
84	112	2
85	86	2
85	113	2
86	87	1
86	114	-1
87	88	1
87	115	2
88	89	-1
88	116	-2
89	90	-2
89	117	-1
90	91	-2
90	118	-1
91	92	2
91	119	-2
92	93	-1
92	120	-1
93	94	-2
93	121	1
94	95	-1
94	122	-1
95	96	-1
95	123	-1
96	97	1
96	124	1
97	98	1
97	125	-1
98	99	2
98	126	-2
99	100	-1
99	127	1
100	101	2
100	128	-1
101	102	-2
101	129	1
102	103	-1
102	130	-1
103	104	-1
103	131	1
104	105	1
104	132	1
105	106	2
105	133	-1
106	107	-2
106	134	-1
107	108	-1
107	135	-2
108	109	1
108	136	-1
109	110	-1
109	137	-1
110	111	1
110	138	-1
111	139	-1
112	113	2
112	139	1
112	140	2
113	114	2
113	141	-2
114	115	2
114	142	1
115	116	2
115	143	2
116	117	1
116	144	-1
117	118	2
117	145	-1
118	119	-1
118	146	-1
119	120	-2
119	147	2
120	121	-1
120	148	-2
121	122	-1
121	149	-2
122	123	-2
122	150	-2
123	124	-1
123	151	-1
124	125	1
124	152	2
125	126	-2
125	153	1
126	127	-2
126	154	1
127	128	-2
127	155	2
128	129	-2
128	156	2
129	130	-2
129	157	2
130	131	-2
130	158	1
131	132	1
131	159	-2
132	133	2
132	160	2
133	134	-2
133	161	-1
134	135	-2
134	162	1
135	136	1
135	163	-1
136	137	2
136	164	-2
137	138	1
137	165	-1
138	139	1
138	166	-2
139	167	-1
140	141	1
140	167	-1
140	168	-2
141	142	2
141	169	1
142	143	-2
142	170	-1
143	144	-2
143	171	-2
144	145	-1
144	172	1
145	146	1
145	173	2
146	147	-2
146	174	-1
147	148	1
147	175	-1
148	149	1
148	176	2
149	150	-2
149	177	2
150	151	1
150	178	1
151	152	2
151	179	-2
152	153	-1
152	180	-1
153	154	-2
153	181	2
154	155	2
154	182	-1
155	156	-2
155	183	1
156	157	1
156	184	2
157	158	1
157	185	-1
158	159	-1
158	186	-1
159	160	-2
159	187	1
160	161	1
160	188	-2
161	162	1
161	189	-2
162	163	-2
162	190	-2
163	164	1
163	191	2
164	165	-1
164	192	-1
165	166	-1
165	193	1
166	167	-2
166	194	1
167	195	-2
168	169	-1
168	195	1
168	196	-1
169	170	2
169	197	1
170	171	-2
170	198	2
171	172	-1
171	199	1
172	173	-1
172	200	-2
173	174	2
173	201	-2
174	175	2
174	202	2
175	176	2
175	203	1
176	177	1
176	204	-1
177	178	1
177	205	-1
178	179	2
178	206	2
179	180	-1
179	207	1
180	181	-1
180	208	1
181	182	-2
181	209	-2
182	183	-1
182	210	-1
183	184	1
183	211	-1
184	185	2
184	212	1
185	186	-1
185	213	1
186	187	-1
186	214	1
187	188	-1
187	215	1
188	189	1
188	216	-1
189	190	-1
189	217	-2
190	191	-1
190	218	-2
191	192	2
191	219	-2
192	193	1
192	220	-2
193	194	1
193	221	2
194	195	1
194	222	2
195	223	-2
196	197	-1
196	223	-2
196	224	2
197	198	2
197	225	-2
198	199	2
198	226	1
199	200	-2
199	227	1
200	201	2
200	228	2
201	202	-2
201	229	-2
202	203	-2
202	230	-1
203	204	-1
203	231	1
204	205	-1
204	232	-2
205	206	1
205	233	-1
206	207	-1
206	234	2
207	208	1
207	235	-2
208	209	-2
208	236	-2
209	210	2
209	237	-1
210	211	1
210	238	1
211	212	-1
211	239	-1
212	213	-1
212	240	2
213	214	1
213	241	-2
214	215	1
214	242	-2
215	216	-2
215	243	1
216	217	-1
216	244	1
217	218	1
217	245	-1
218	219	1
218	246	-1
219	220	-1
219	247	2
220	221	1
220	248	2
221	222	1
221	249	1
222	223	2
222	250	1
223	251	1
224	225	-1
224	251	1
224	252	2
225	226	1
225	253	1
226	227	-1
226	254	-1
227	228	1
227	255	-1
228	229	-1
228	256	-2
229	230	1
229	257	1
230	231	1
230	258	2
231	232	-1
231	259	-1
232	233	-2
232	260	1
233	234	1
233	261	2
234	235	2
234	262	-1
235	236	-1
235	263	2
236	237	-2
236	264	-2
237	238	2
237	265	2
238	239	2
238	266	2
239	240	-2
239	267	-2
240	241	1
240	268	1
241	242	-1
241	269	2
242	243	1
242	270	-2
243	244	1
243	271	2
244	245	-1
244	272	-2
245	246	-1
245	273	-2
246	247	-1
246	274	-2
247	248	2
247	275	2
248	249	-1
248	276	2
249	250	-1
249	277	1
250	251	-1
250	278	1
251	279	-1
252	253	2
252	279	-2
252	280	2
253	254	2
253	281	-2
254	255	1
254	282	2
255	256	1
255	283	-2
256	257	-2
256	284	1
257	258	-1
257	285	2
258	259	2
258	286	-1
259	260	-2
259	287	2
260	261	1
260	288	-2
261	262	1
261	289	2
262	263	1
262	290	-1
263	264	1
263	291	1
264	265	-1
264	292	1
265	266	2
265	293	2
266	267	1
266	294	-1
267	268	1
267	295	-2
268	269	-2
268	296	2
269	270	1
269	297	1
270	271	2
270	298	-1
271	272	1
271	299	1
272	273	1
272	300	2
273	274	-1
273	301	-1
274	275	-2
274	302	1
275	276	-1
275	303	1
276	277	2
276	304	1
277	278	-2
277	305	2
278	279	-1
278	306	1
279	307	1
280	281	-2
280	307	1
280	308	-1
281	282	1
281	309	1
282	283	1
282	310	2
283	284	2
283	311	-2
284	285	1
284	312	1
285	286	-2
285	313	-1
286	287	1
286	314	1
287	288	-1
287	315	-1
288	289	1
288	316	-2
289	290	1
289	317	-1
290	291	-1
290	318	1
291	292	-2
291	319	-2
292	293	-1
292	320	2
293	294	1
293	321	2
294	295	-1
294	322	1
295	296	2
295	323	1
296	297	-2
296	324	2
297	298	1
297	325	1
298	299	-2
298	326	-2
299	300	-2
299	327	1
300	301	-2
300	328	-2
301	302	-1
301	329	-1
302	303	2
302	330	2
303	304	1
303	331	1
304	305	-1
304	332	-2
305	306	1
305	333	2
306	307	1
306	334	1
307	335	-1
308	309	-1
308	335	-2
308	336	1
309	310	-2
309	337	2
310	311	2
310	338	-1
311	312	1
311	339	1
312	313	1
312	340	-1
313	314	-1
313	341	1
314	315	2
314	342	1
315	316	1
315	343	2
316	317	-1
316	344	-2
317	318	2
317	345	2
318	319	-1
318	346	1
319	320	2
319	347	-1
320	321	2
320	348	-1
321	322	-2
321	349	1
322	323	1
322	350	-1
323	324	2
323	351	-2
324	325	2
324	352	-1
325	326	-1
325	353	-1
326	327	-2
326	354	-1
327	328	-2
327	355	-1
328	329	1
328	356	1
329	330	-1
329	357	1
330	331	-1
330	358	-1
331	332	-1
331	359	-2
332	333	-1
332	360	-1
333	334	2
333	361	1
334	335	1
334	362	2
335	363	-1
336	337	2
336	363	-2
336	364	2
337	338	-1
337	365	-1
338	339	2
338	366	2
339	340	1
339	367	-1
340	341	-1
340	368	-1
341	342	1
341	369	1
342	343	-1
342	370	-1
343	344	1
343	371	-1
344	345	1
344	372	-2
345	346	-2
345	373	-2
346	347	-1
346	374	-2
347	348	-2
347	375	-1
348	349	2
348	376	-1
349	350	-2
349	377	-2
350	351	1
350	378	-1
351	352	-2
351	379	1
352	353	1
352	380	-1
353	354	1
353	381	2
354	355	1
354	382	1
355	356	-2
355	383	1
356	357	-2
356	384	2
357	358	-1
357	385	1
358	359	-1
358	386	-2
359	360	2
359	387	-2
360	361	2
360	388	-1
361	362	-2
361	389	1
362	363	1
362	390	1
363	391	1
364	365	1
364	391	-2
364	392	1
365	366	-2
365	393	1
366	367	1
366	394	-1
367	368	2
367	395	2
368	369	-1
368	396	-1
369	370	2
369	397	-1
370	371	1
370	398	2
371	372	-2
371	399	2
372	373	-1
372	400	1
373	374	-1
373	401	1
374	375	2
374	402	1
375	376	1
375	403	2
376	377	-1
376	404	-2
377	378	-1
377	405	1
378	379	1
378	406	-1
379	380	2
379	407	2
380	381	2
380	408	-2
381	382	2
381	409	-1
382	383	-1
382	410	1
383	384	-2
383	411	-2
384	385	2
384	412	-2
385	386	-2
385	413	1
386	387	1
386	414	-2
387	388	1
387	415	-2
388	389	2
388	416	-1
389	390	1
389	417	-2
390	391	-1
390	418	2
391	419	2
392	393	1
392	419	1
392	420	2
393	394	-2
393	421	-2
394	395	-1
394	422	-1
395	396	1
395	423	1
396	397	1
396	424	-1
397	398	1
397	425	-2
398	399	2
398	426	-2
399	400	1
399	427	-1
400	401	-1
400	428	2
401	402	1
401	429	2
402	403	2
402	430	-2
403	404	1
403	431	-1
404	405	1
404	432	2
405	406	-1
405	433	-2
406	407	1
406	434	1
407	408	1
407	435	1
408	409	-2
408	436	-2
409	410	1
409	437	-1
410	411	-2
410	438	-1
411	412	1
411	439	1
412	413	2
412	440	1
413	414	-2
413	441	-1
414	415	-2
414	442	-2
415	416	-2
415	443	2
416	417	-1
416	444	-2
417	418	1
417	445	-2
418	419	-1
418	446	-2
419	447	-1
420	421	1
420	447	2
420	448	2
421	422	2
421	449	-2
422	423	-1
422	450	1
423	424	1
423	451	1
424	425	-2
424	452	2
425	426	-1
425	453	-1
426	427	-2
426	454	2
427	428	1
427	455	-2
428	429	1
428	456	2
429	430	-1
429	457	2
430	431	-2
430	458	2
431	432	-2
431	459	1
432	433	1
432	460	1
433	434	1
433	461	-1
434	435	-1
434	462	-1
435	436	-2
435	463	2
436	437	2
436	464	-2
437	438	-1
437	465	2
438	439	-1
438	466	2
439	440	1
439	467	-1
440	441	2
440	468	-1
441	442	-1
441	469	-1
442	443	-1
442	470	-2
443	444	-1
443	471	1
444	445	1
444	472	2
445	446	2
445	473	-2
446	447	2
446	474	-1
447	475	2
448	449	2
448	475	-1
448	476	1
449	450	1
449	477	2
450	451	1
450	478	1
451	452	-2
451	479	1
452	453	1
452	480	2
453	454	-1
453	481	2
454	455	2
454	482	2
455	456	1
455	483	-1
456	457	-1
456	484	-2
457	458	2
457	485	-2
458	459	-1
458	486	-1
459	460	2
459	487	-1
460	461	-1
460	488	-1
461	462	-1
461	489	1
462	463	-1
462	490	-1
463	464	-1
463	491	-2
464	465	-1
464	492	-1
465	466	2
465	493	-2
466	467	2
466	494	2
467	468	-1
467	495	2
468	469	2
468	496	-1
469	470	2
469	497	-1
470	471	1
470	498	-2
471	472	2
471	499	-2
472	473	-2
472	500	-2
473	474	-1
473	501	-2
474	475	1
474	502	1
475	503	-1
476	477	-2
476	503	2
476	504	-2
477	478	-1
477	505	1
478	479	-1
478	506	-2
479	480	1
479	507	1
480	481	-1
480	508	1
481	482	-1
481	509	-1
482	483	2
482	510	-1
483	484	-1
483	511	2
484	485	1
484	512	-2
485	486	-1
485	513	-1
486	487	1
486	514	-1
487	488	-2
487	515	1
488	489	-1
488	516	1
489	490	1
489	517	-1
490	491	1
490	518	-1
491	492	1
491	519	-2
492	493	2
492	520	2
493	494	-1
493	521	-1
494	495	-1
494	522	-2
495	496	-2
495	523	-1
496	497	-2
496	524	-2
497	498	1
497	525	-1
498	499	-1
498	526	2
499	500	-1
499	527	-2
500	501	1
500	528	2
501	502	-1
501	529	2
502	503	1
502	530	-1
503	531	1
504	505	2
504	531	1
504	532	-1
505	506	-1
505	533	-2
506	507	-2
506	534	1
507	508	-1
507	535	1
508	509	-1
508	536	2
509	510	2
509	537	2
510	511	-2
510	538	-1
511	512	-1
511	539	-1
512	513	-2
512	540	1
513	514	1
513	541	-2
514	515	-1
514	542	-2
515	516	2
515	543	2
516	517	1
516	544	2
517	518	-1
517	545	1
518	519	2
518	546	-1
519	520	1
519	547	-1
520	521	1
520	548	-2
521	522	2
521	549	-1
522	523	-1
522	550	2
523	524	1
523	551	2
524	525	-2
524	552	1
525	526	1
525	553	2
526	527	1
526	554	-1
527	528	-1
527	555	1
528	529	1
528	556	2
529	530	-1
529	557	1
530	531	-2
530	558	-2
531	559	1
532	533	-1
532	559	2
532	560	1
533	534	2
533	561	-1
534	535	2
534	562	-1
535	536	-2
535	563	-1
536	537	1
536	564	2
537	538	2
537	565	-2
538	539	2
538	566	1
539	540	2
539	567	1
540	541	-2
540	568	2
541	542	1
541	569	-1
542	543	-2
542	570	1
543	544	2
543	571	1
544	545	-1
544	572	2
545	546	1
545	573	-1
546	547	-2
546	574	-1
547	548	1
547	575	2
548	549	-2
548	576	-2
549	550	-1
549	577	1
550	551	2
550	578	2
551	552	-2
551	579	-2
552	553	1
552	580	-1
553	554	1
553	581	2
554	555	1
554	582	-1
555	556	1
555	583	-2
556	557	-2
556	584	2
557	558	-1
557	585	1
558	559	-1
558	586	-2
559	587	-2
560	561	2
560	587	1
560	588	2
561	562	-1
561	589	1
562	563	1
562	590	-1
563	564	-1
563	591	-1
564	565	1
564	592	1
565	566	1
565	593	-2
566	567	-2
566	594	-2
567	568	-2
567	595	-2
568	569	2
568	596	1
569	570	1
569	597	-1
570	571	-1
570	598	1
571	572	-1
571	599	-2
572	573	-1
572	600	-2
573	574	-1
573	601	2
574	575	-1
574	602	-1
575	576	2
575	603	-2
576	577	1
576	604	-1
577	578	2
577	605	2
578	579	-2
578	606	-2
579	580	1
579	607	-1
580	581	2
580	608	1
581	582	2
581	609	-2
582	583	2
582	610	-1
583	584	1
583	611	-2
584	585	2
584	612	-1
585	586	-1
585	613	1
586	587	2
586	614	1
587	615	2
588	589	-2
588	615	2
588	616	2
589	590	1
589	617	-1
590	591	-1
590	618	1
591	592	1
591	619	1
592	593	2
592	620	1
593	594	-1
593	621	-2
594	595	1
594	622	2
595	596	1
595	623	-1
596	597	2
596	624	-2
597	598	-2
597	625	-2
598	599	-1
598	626	-1
599	600	-1
599	627	1
600	601	-1
600	628	1
601	602	2
601	629	-2
602	603	2
602	630	1
603	604	1
603	631	-1
604	605	2
604	632	2
605	606	-2
605	633	-1
606	607	1
606	634	2
607	608	-1
607	635	1
608	609	1
608	636	1
609	610	-1
609	637	1
610	611	-1
610	638	-2
611	612	2
611	639	-1
612	613	2
612	640	1
613	614	-2
613	641	1
614	615	-1
614	642	-2
615	643	-1
616	617	2
616	643	1
616	644	1
617	618	1
617	645	-1
618	619	-2
618	646	1
619	620	-1
619	647	-1
620	621	2
620	648	-1
621	622	-1
621	649	2
622	623	-1
622	650	-1
623	624	-2
623	651	-1
624	625	2
624	652	1
625	626	1
625	653	1
626	627	-2
626	654	2
627	628	1
627	655	-1
628	629	-2
628	656	1
629	630	1
629	657	2
630	631	-2
630	658	-1
631	632	2
631	659	-1
632	633	1
632	660	1
633	634	-2
633	661	1
634	635	2
634	662	-1
635	636	1
635	663	-1
636	637	2
636	664	2
637	638	-2
637	665	1
638	639	-2
638	666	2
639	640	2
639	667	2
640	641	2
640	668	-1
641	642	-1
641	669	1
642	643	-1
642	670	-1
643	671	2
644	645	2
644	671	2
644	672	-2
645	646	1
645	673	1
646	647	-2
646	674	-1
647	648	2
647	675	2
648	649	2
648	676	1
649	650	-2
649	677	2
650	651	1
650	678	-1
651	652	-2
651	679	-1
652	653	-2
652	680	1
653	654	-2
653	681	-2
654	655	-1
654	682	2
655	656	2
655	683	-2
656	657	1
656	684	1
657	658	-1
657	685	-1
658	659	2
658	686	-2
659	660	-2
659	687	1
660	661	-1
660	688	-2
661	662	-1
661	689	-1
662	663	-1
662	690	2
663	664	-2
663	691	-1
664	665	-1
664	692	1
665	666	-2
665	693	-1
666	667	1
666	694	-2
667	668	2
667	695	-1
668	669	2
668	696	2
669	670	-1
669	697	2
670	671	-2
670	698	-2
671	699	-2
672	673	1
672	699	-1
672	700	2
673	674	1
673	701	-1
674	675	1
674	702	1
675	676	-2
675	703	1
676	677	-2
676	704	1
677	678	-1
677	705	2
678	679	2
678	706	1
679	680	-2
679	707	-1
680	681	1
680	708	-2
681	682	-1
681	709	1
682	683	-2
682	710	-1
683	684	1
683	711	-2
684	685	-1
684	712	-2
685	686	2
685	713	-2
686	687	2
686	714	-1
687	688	-2
687	715	-1
688	689	-2
688	716	2
689	690	-2
689	717	-1
690	691	-1
690	718	-2
691	692	-1
691	719	1
692	693	2
692	720	2
693	694	1
693	721	1
694	695	2
694	722	1
695	696	1
695	723	2
696	697	2
696	724	1
697	698	-2
697	725	1
698	699	-2
698	726	2
699	727	1
700	701	2
700	727	1
700	728	2
701	702	-1
701	729	-1
702	703	-1
702	730	-2
703	704	2
703	731	2
704	705	1
704	732	-1
705	706	-2
705	733	-1
706	707	2
706	734	2
707	708	1
707	735	-1
708	709	2
708	736	-1
709	710	-2
709	737	2
710	711	2
710	738	-1
711	712	1
711	739	-2
712	713	1
712	740	1
713	714	2
713	741	1
714	715	-2
714	742	2
715	716	1
715	743	1
716	717	-1
716	744	2
717	718	1
717	745	-1
718	719	-2
718	746	1
719	720	-2
719	747	1
720	721	-2
720	748	2
721	722	2
721	749	-1
722	723	-1
722	750	-2
723	724	-1
723	751	2
724	725	-2
724	752	1
725	726	2
725	753	-1
726	727	1
726	754	-2
727	755	2
728	729	-2
728	755	-1
728	756	2
729	730	2
729	757	-1
730	731	2
730	758	2
731	732	1
731	759	-1
732	733	1
732	760	1
733	734	-1
733	761	1
734	735	-2
734	762	1
735	736	-1
735	763	-1
736	737	-1
736	764	-2
737	738	-1
737	765	1
738	739	-1
738	766	1
739	740	2
739	767	1
740	741	-2
740	768	1
741	742	-1
741	769	1
742	743	-1
742	770	1
743	744	-2
743	771	1
744	745	1
744	772	-2
745	746	1
745	773	2
746	747	2
746	774	-1
747	748	2
747	775	1
748	749	-2
748	776	1
749	750	-1
749	777	1
750	751	2
750	778	-1
751	752	2
751	779	1
752	753	2
752	780	1
753	754	-1
753	781	-2
754	755	-2
754	782	1
755	783	1
756	757	-1
756	783	-2
757	758	-2
758	759	1
759	760	1
760	761	-2
761	762	-1
762	763	-2
763	764	1
764	765	-2
765	766	-1
766	767	1
767	768	1
768	769	2
769	770	-1
770	771	1
771	772	-1
772	773	2
773	774	2
774	775	2
775	776	-2
776	777	1
777	778	1
778	779	2
779	780	1
780	781	2
781	782	1
782	783	1
