0	1	-2
0	27	-1
0	28	1
0	756	2
1	2	1
1	29	-2
1	757	2
2	3	1
2	30	-2
2	758	-1
3	4	-2
3	31	2
3	759	-2
4	5	2
4	32	-1
4	760	2
5	6	-1
5	33	1
5	761	1
6	7	1
6	34	2
6	762	1
7	8	2
7	35	1
7	763	-1
8	9	2
8	36	1
8	764	1
9	10	-1
9	37	-2
9	765	1
10	11	-1
10	38	2
10	766	1
11	12	-1
11	39	-1
11	767	-2
12	13	-2
12	40	-1
12	768	-1
13	14	1
13	41	2
13	769	1
14	15	-2
14	42	-2
14	770	-1
15	16	-1
15	43	1
15	771	-1
16	17	-1
16	44	1
16	772	-2
17	18	2
17	45	1
17	773	1
18	19	-2
18	46	2
18	774	2
19	20	-2
19	47	1
19	775	-1
20	21	2
20	48	-2
20	776	1
21	22	-2
21	49	-1
21	777	2
22	23	-1
22	50	1
22	778	1
23	24	2
23	51	-2
23	779	-1
24	25	2
24	52	-2
24	780	1
25	26	-2
25	53	1
25	781	2
26	27	1
26	54	-2
26	782	-2
27	55	-1
27	783	1
28	29	-1
28	55	-1
28	56	-2
29	30	-1
29	57	-1
30	31	1
30	58	2
31	32	1
31	59	-1
32	33	1
32	60	1
33	34	-1
33	61	-2
34	35	-2
34	62	2
35	36	1
35	63	1
36	37	1
36	64	1
37	38	2
37	65	-2
38	39	-2
38	66	-1
39	40	1
39	67	-2
40	41	-1
40	68	2
41	42	-2
41	69	2
42	43	-2
42	70	1
43	44	-1
43	71	-1
44	45	2
44	72	2
45	46	2
45	73	1
46	47	2
46	74	-2
47	48	-2
47	75	-1
48	49	-2
48	76	-1
49	50	1
49	77	1
50	51	-2
50	78	1
51	52	1
51	79	1
52	53	2
52	80	-1
53	54	-2
53	81	2
54	55	-2
54	82	1
55	83	2
56	57	2
56	83	-2
56	84	1
57	58	-1
57	85	-2
58	59	1
58	86	1
59	60	1
59	87	1
60	61	1
60	88	1
61	62	-1
61	89	1
62	63	-2
62	90	-1
63	64	-2
63	91	2
64	65	-1
64	92	-1
65	66	-2
65	93	1
66	67	1
66	94	2
67	68	1
67	95	2
68	69	-2
68	96	-1
69	70	2
69	97	2
70	71	1
70	98	-1
71	72	-2
71	99	-1
72	73	1
72	100	-1
73	74	1
73	101	1
74	75	-1
74	102	1
75	76	2
75	103	-1
76	77	-2
76	104	-1
77	78	-1
77	105	2
78	79	2
78	106	-1
79	80	1
79	107	-2
80	81	1
80	108	-2
81	82	1
81	109	1
82	83	-1
82	110	-1
83	111	1
84	85	1
84	111	-1
84	112	-2
85	86	-2
85	113	2
86	87	-1
86	114	1
87	88	2
87	115	-2
88	89	-1
88	116	1
89	90	1
89	117	-1
90	91	-1
90	118	1
91	92	-1
91	119	2
92	93	-1
92	120	2
93	94	-2
93	121	2
94	95	-1
94	122	-1
95	96	2
95	123	-1
96	97	-2
96	124	2
97	98	2
97	125	-2
98	99	-1
98	126	-2
99	100	-1
99	127	1
100	101	1
100	128	-1
101	102	1
101	129	-1
102	103	-1
102	130	-1
103	104	-2
103	131	1
104	105	-2
104	132	1
105	106	2
105	133	1
106	107	-1
106	134	1
107	108	2
107	135	-1
108	109	2
108	136	1
109	110	-2
109	137	1
110	111	-1
110	138	1
111	139	-1
112	113	1
112	139	2
112	140	-1
113	114	1
113	141	1
114	115	2
114	142	1
115	116	2
115	143	2
116	117	1
116	144	1
117	118	1
117	145	-1
118	119	1
118	146	-2
119	120	1
119	147	-1
120	121	-2
120	148	-1
121	122	-1
121	149	1
122	123	-1
122	150	1
123	124	2
123	151	-2
124	125	1
124	152	1
125	126	-1
125	153	1
126	127	1
126	154	-1
127	128	-1
127	155	-2
128	129	2
128	156	2
129	130	-1
129	157	-1
130	131	2
130	158	-1
131	132	2
131	159	-2
132	133	-1
132	160	-1
133	134	-2
133	161	-2
134	135	-1
134	162	-1
135	136	2
135	163	1
136	137	2
136	164	1
137	138	2
137	165	-1
138	139	1
138	166	-2
139	167	1
140	141	1
140	167	-2
140	168	-1
141	142	1
141	169	1
142	143	-2
142	170	1
143	144	-1
143	171	-2
144	145	2
144	172	2
145	146	-2
145	173	-2
146	147	-2
146	174	-1
147	148	1
147	175	2
148	149	-2
148	176	2
149	150	-2
149	177	-1
150	151	-2
150	178	-1
151	152	-1
151	179	-2
152	153	-1
152	180	1
153	154	-1
153	181	1
154	155	-1
154	182	-2
155	156	1
155	183	-1
156	157	2
156	184	1
157	158	-1
157	185	1
158	159	-2
158	186	2
159	160	2
159	187	-2
160	161	2
160	188	1
161	162	-1
161	189	-2
162	163	-1
162	190	-1
163	164	1
163	191	-2
164	165	2
164	192	1
165	166	1
165	193	1
166	167	2
166	194	2
167	195	1
168	169	2
168	195	-2
168	196	1
169	170	-1
169	197	2
170	171	1
170	198	-1
171	172	-2
171	199	-1
172	173	1
172	200	-1
173	174	1
173	201	2
174	175	1
174	202	-2
175	176	-1
175	203	2
176	177	-1
176	204	-2
177	178	2
177	205	2
178	179	2
178	206	2
179	180	-2
179	207	2
180	181	-2
180	208	-1
181	182	-1
181	209	2
182	183	-1
182	210	-2
183	184	1
183	211	1
184	185	1
184	212	1
185	186	2
185	213	1
186	187	1
186	214	1
187	188	2
187	215	-2
188	189	2
188	216	1
189	190	1
189	217	1
190	191	-2
190	218	-2
191	192	2
191	219	1
192	193	1
192	220	-1
193	194	-1
193	221	1
194	195	-2
194	222	2
195	223	-1
196	197	-1
196	223	1
196	224	-2
197	198	1
197	225	1
198	199	-1
198	226	-1
199	200	2
199	227	1
200	201	2
200	228	-2
201	202	-1
201	229	-1
202	203	1
202	230	-1
203	204	-1
203	231	-2
204	205	-2
204	232	-2
205	206	1
205	233	-1
206	207	-1
206	234	1
207	208	-2
207	235	-2
208	209	-1
208	236	2
209	210	1
209	237	2
210	211	-1
210	238	-1
211	212	-1
211	239	1
212	213	-1
212	240	-1
213	214	-1
213	241	-2
214	215	2
214	242	-2
215	216	2
215	243	2
216	217	-2
216	244	-2
217	218	1
217	245	-1
218	219	-1
218	246	-2
219	220	2
219	247	-1
220	221	1
220	248	-2
221	222	-2
221	249	2
222	223	-1
222	250	1
223	251	1
224	225	-1
224	251	1
224	252	1
225	226	1
225	253	1
226	227	2
226	254	-1
227	228	1
227	255	-2
228	229	-2
228	256	1
229	230	2
229	257	2
230	231	-1
230	258	1
231	232	1
231	259	1
232	233	-2
232	260	1
233	234	1
233	261	-1
234	235	-1
234	262	-1
235	236	-1
235	263	2
236	237	-1
236	264	2
237	238	2
237	265	-1
238	239	1
238	266	-2
239	240	-1
239	267	-1
240	241	2
240	268	-1
241	242	1
241	269	1
242	243	1
242	270	1
243	244	1
243	271	-2
244	245	2
244	272	1
245	246	-1
245	273	-2
246	247	2
246	274	1
247	248	-1
247	275	-1
248	249	-2
248	276	2
249	250	1
249	277	1
250	251	1
250	278	1
251	279	1
252	253	1
252	279	-1
252	280	-1
253	254	1
253	281	-2
254	255	-1
254	282	1
255	256	1
255	283	-1
256	257	1
256	284	1
257	258	2
257	285	1
258	259	1
258	286	1
259	260	-1
259	287	1
260	261	-2
260	288	-1
261	262	-2
261	289	-1
262	263	-2
262	290	2
263	264	2
263	291	1
264	265	-1
264	292	-2
265	266	1
265	293	-1
266	267	-1
266	294	1
267	268	-1
267	295	-1
268	269	2
268	296	-1
269	270	1
269	297	1
270	271	2
270	298	-1
271	272	-1
271	299	-1
272	273	2
272	300	-2
273	274	-1
273	301	1
274	275	2
274	302	2
275	276	2
275	303	-1
276	277	1
276	304	-2
277	278	-1
277	305	2
278	279	-1
278	306	2
279	307	1
280	281	2
280	307	-1
280	308	2
281	282	2
281	309	-2
282	283	-1
282	310	1
283	284	1
283	311	-2
284	285	2
284	312	-1
285	286	-2
285	313	1
286	287	2
286	314	-2
287	288	-1
287	315	-1
288	289	1
288	316	1
289	290	-2
289	317	-1
290	291	1
290	318	2
291	292	1
291	319	-1
292	293	-2
292	320	-1
293	294	1
293	321	-2
294	295	-1
294	322	1
295	296	1
295	323	1
296	297	-2
296	324	-1
297	298	1
297	325	2
298	299	-1
298	326	1
299	300	2
299	327	-1
300	301	2
300	328	-2
301	302	2
301	329	-1
302	303	2
302	330	-1
303	304	-2
303	331	-1
304	305	2
304	332	-1
305	306	1
305	333	1
306	307	1
306	334	1
307	335	-1
308	309	1
308	335	2
308	336	-1
309	310	1
309	337	-2
310	311	-1
310	338	2
311	312	1
311	339	-2
312	313	2
312	340	2
313	314	1
313	341	-1
314	315	-2
314	342	-1
315	316	2
315	343	-1
316	317	1
316	344	-1
317	318	1
317	345	-1
318	319	2
318	346	1
319	320	2
319	347	-1
320	321	2
320	348	-1
321	322	-2
321	349	1
322	323	1
322	350	1
323	324	-2
323	351	-1
324	325	-1
324	352	2
325	326	2
325	353	2
326	327	-1
326	354	2
327	328	1
327	355	1
328	329	-2
328	356	1
329	330	1
329	357	2
330	331	-1
330	358	2
331	332	-1
331	359	1
332	333	1
332	360	1
333	334	-2
333	361	2
334	335	1
334	362	2
335	363	1
336	337	-2
336	363	2
336	364	1
337	338	2
337	365	2
338	339	-2
338	366	1
339	340	2
339	367	-1
340	341	-1
340	368	1
341	342	-1
341	369	-2
342	343	2
342	370	1
343	344	-2
343	371	-2
344	345	2
344	372	-1
345	346	1
345	373	1
346	347	-1
346	374	2
347	348	-1
347	375	-1
348	349	-1
348	376	2
349	350	2
349	377	2
350	351	1
350	378	-2
351	352	-1
351	379	2
352	353	2
352	380	1
353	354	-1
353	381	-1
354	355	-1
354	382	-2
355	356	-2
355	383	1
356	357	-1
356	384	-1
357	358	-1
357	385	1
358	359	-1
358	386	1
359	360	1
359	387	1
360	361	1
360	388	1
361	362	1
361	389	2
362	363	-2
362	390	-1
363	391	-1
364	365	1
364	391	-1
364	392	-1
365	366	1
365	393	1
366	367	-2
366	394	-1
367	368	1
367	395	1
368	369	-2
368	396	1
369	370	-1
369	397	-2
370	371	1
370	398	2
371	372	-2
371	399	-2
372	373	1
372	400	2
373	374	-1
373	401	-2
374	375	-2
374	402	-2
375	376	1
375	403	-2
376	377	2
376	404	2
377	378	-2
377	405	2
378	379	2
378	406	-1
379	380	-1
379	407	2
380	381	2
380	408	2
381	382	1
381	409	-1
382	383	-2
382	410	1
383	384	2
383	411	-2
384	385	-1
384	412	2
385	386	-1
385	413	-1
386	387	1
386	414	-1
387	388	2
387	415	1
388	389	-2
388	416	1
389	390	-2
389	417	-2
390	391	2
390	418	-1
391	419	-2
392	393	-2
392	419	2
392	420	-1
393	394	1
393	421	-1
394	395	1
394	422	-2
395	396	-1
395	423	-1
396	397	1
396	424	1
397	398	-2
397	425	-1
398	399	2
398	426	-1
399	400	-1
399	427	-2
400	401	-1
400	428	-1
401	402	1
401	429	-2
402	403	-2
402	430	2
403	404	1
403	431	-1
404	405	-1
404	432	1
405	406	-1
405	433	1
406	407	1
406	434	-1
407	408	1
407	435	1
408	409	-2
408	436	2
409	410	1
409	437	-1
410	411	-1
410	438	-1
411	412	1
411	439	-1
412	413	-2
412	440	-2
413	414	1
413	441	-1
414	415	2
414	442	-2
415	416	-2
415	443	-2
416	417	-2
416	444	-1
417	418	2
417	445	-2
418	419	1
418	446	-2
419	447	-2
420	421	2
420	447	-1
420	448	2
421	422	-1
421	449	-2
422	423	-2
422	450	1
423	424	1
423	451	1
424	425	1
424	452	2
425	426	-1
425	453	1
426	427	-1
426	454	1
427	428	-2
427	455	-1
428	429	2
428	456	-1
429	430	-2
429	457	1
430	431	-1
430	458	-1
431	432	1
431	459	-1
432	433	1
432	460	1
433	434	-1
433	461	2
434	435	1
434	462	2
435	436	-1
435	463	-2
436	437	-2
436	464	-1
437	438	-2
437	465	2
438	439	1
438	466	-1
439	440	-2
439	467	2
440	441	2
440	468	1
441	442	-2
441	469	-1
442	443	-1
442	470	-1
443	444	2
443	471	2
444	445	2
444	472	-2
445	446	1
445	473	-1
446	447	-1
446	474	1
447	475	-1
448	449	-1
448	475	-2
448	476	2
449	450	-2
449	477	-1
450	451	1
450	478	2
451	452	-2
451	479	2
452	453	1
452	480	2
453	454	1
453	481	2
454	455	-1
454	482	2
455	456	1
455	483	-2
456	457	2
456	484	1
457	458	-2
457	485	-1
458	459	1
458	486	1
459	460	1
459	487	-1
460	461	-2
460	488	1
461	462	2
461	489	2
462	463	1
462	490	-2
463	464	2
463	491	1
464	465	2
464	492	2
465	466	-1
465	493	-1
466	467	-1
466	494	1
467	468	2
467	495	-1
468	469	-1
468	496	1
469	470	1
469	497	2
470	471	-2
470	498	2
471	472	1
471	499	1
472	473	-2
472	500	1
473	474	1
473	501	2
474	475	1
474	502	-1
475	503	-1
476	477	-2
476	503	2
476	504	-2
477	478	-1
477	505	-1
478	479	-1
478	506	2
479	480	-2
479	507	-1
480	481	-1
480	508	2
481	482	1
481	509	2
482	483	-2
482	510	2
483	484	-1
483	511	1
484	485	2
484	512	-1
485	486	-1
485	513	-1
486	487	2
486	514	1
487	488	-2
487	515	1
488	489	1
488	516	-1
489	490	1
489	517	-1
490	491	1
490	518	1
491	492	2
491	519	-2
492	493	2
492	520	1
493	494	1
493	521	1
494	495	-1
494	522	-1
495	496	1
495	523	1
496	497	2
496	524	1
497	498	-2
497	525	-2
498	499	2
498	526	2
499	500	1
499	527	-1
500	501	1
500	528	1
501	502	1
501	529	-2
502	503	-1
502	530	-1
503	531	-1
504	505	-1
504	531	-1
504	532	-1
505	506	-2
505	533	1
506	507	-2
506	534	1
507	508	-1
507	535	-1
508	509	-1
508	536	2
509	510	-1
509	537	1
510	511	1
510	538	-1
511	512	-2
511	539	1
512	513	1
512	540	1
513	514	-1
513	541	1
514	515	-2
514	542	1
515	516	-1
515	543	-1
516	517	2
516	544	-2
517	518	1
517	545	-1
518	519	2
518	546	-1
519	520	1
519	547	2
520	521	1
520	548	1
521	522	1
521	549	-1
522	523	1
522	550	-2
523	524	-1
523	551	2
524	525	-2
524	552	2
525	526	-1
525	553	-1
526	527	-2
526	554	-1
527	528	1
527	555	1
528	529	1
528	556	2
529	530	-2
529	557	2
530	531	-1
530	558	-1
531	559	-1
532	533	-1
532	559	1
532	560	1
533	534	2
533	561	-1
534	535	-2
534	562	1
535	536	-1
535	563	-2
536	537	2
536	564	-1
537	538	-1
537	565	1
538	539	2
538	566	2
539	540	-2
539	567	1
540	541	-1
540	568	1
541	542	-2
541	569	-1
542	543	-2
542	570	-2
543	544	1
543	571	2
544	545	-1
544	572	-1
545	546	2
545	573	-1
546	547	1
546	574	1
547	548	-2
547	575	2
548	549	1
548	576	-1
549	550	1
549	577	-1
550	551	2
550	578	-1
551	552	2
551	579	2
552	553	-1
552	580	1
553	554	-1
553	581	-2
554	555	-1
554	582	-1
555	556	2
555	583	-1
556	557	-1
556	584	1
557	558	2
557	585	-1
558	559	1
558	586	-2
559	587	-1
560	561	1
560	587	1
560	588	-1
561	562	1
561	589	-1
562	563	2
562	590	-1
563	564	1
563	591	-2
564	565	1
564	592	2
565	566	2
565	593	1
566	567	-1
566	594	-1
567	568	2
567	595	1
568	569	-2
568	596	2
569	570	1
569	597	-1
570	571	-1
570	598	-2
571	572	2
571	599	-2
572	573	2
572	600	-1
573	574	1
573	601	2
574	575	-2
574	602	2
575	576	-1
575	603	2
576	577	-1
576	604	2
577	578	-1
577	605	-1
578	579	-2
578	606	-1
579	580	-1
579	607	1
580	581	-1
580	608	-1
581	582	1
581	609	2
582	583	-2
582	610	1
583	584	2
583	611	-2
584	585	1
584	612	1
585	586	-1
585	613	-1
586	587	2
586	614	1
587	615	-2
588	589	-1
588	615	-1
588	616	-1
589	590	1
589	617	-1
590	591	-1
590	618	1
591	592	-1
591	619	1
592	593	-2
592	620	-2
593	594	2
593	621	-2
594	595	-1
594	622	-1
595	596	1
595	623	-1
596	597	-1
596	624	-1
597	598	-1
597	625	1
598	599	1
598	626	-1
599	600	-1
599	627	-1
600	601	1
600	628	2
601	602	-1
601	629	1
602	603	1
602	630	1
603	604	-1
603	631	-1
604	605	-2
604	632	1
605	606	-1
605	633	1
606	607	-1
606	634	1
607	608	2
607	635	-2
608	609	-2
608	636	1
609	610	1
609	637	-1
610	611	-1
610	638	1
611	612	-2
611	639	-1
612	613	1
612	640	2
613	614	-2
613	641	1
614	615	1
614	642	-2
615	643	1
616	617	2
616	643	-1
616	644	-1
617	618	1
617	645	-2
618	619	-1
618	646	-1
619	620	-1
619	647	-1
620	621	1
620	648	1
621	622	-1
621	649	-1
622	623	2
622	650	2
623	624	-2
623	651	-1
624	625	2
624	652	2
625	626	-1
625	653	-1
626	627	1
626	654	2
627	628	-2
627	655	2
628	629	-1
628	656	1
629	630	1
629	657	-1
630	631	-1
630	658	1
631	632	-1
631	659	2
632	633	1
632	660	-1
633	634	2
633	661	-1
634	635	2
634	662	1
635	636	2
635	663	-2
636	637	1
636	664	-2
637	638	1
637	665	-1
638	639	-1
638	666	-1
639	640	-1
639	667	1
640	641	-1
640	668	-2
641	642	-1
641	669	-2
642	643	-2
642	670	2
643	671	-1
644	645	-2
644	671	-2
644	672	1
645	646	-2
645	673	2
646	647	1
646	674	-1
647	648	1
647	675	1
648	649	1
648	676	1
649	650	2
649	677	2
650	651	2
650	678	-1
651	652	-1
651	679	2
652	653	1
652	680	-1
653	654	-1
653	681	2
654	655	-1
654	682	-2
655	656	-2
655	683	-1
656	657	-2
656	684	1
657	658	1
657	685	2
658	659	2
658	686	2
659	660	-1
659	687	-1
660	661	-1
660	688	-2
661	662	1
661	689	1
662	663	2
662	690	1
663	664	1
663	691	1
664	665	-2
664	692	-1
665	666	-2
665	693	-2
666	667	-1
666	694	-1
667	668	-2
667	695	1
668	669	2
668	696	2
669	670	1
669	697	1
670	671	-1
670	698	1
671	699	-2
672	673	-1
672	699	-2
672	700	-2
673	674	-1
673	701	2
674	675	-1
674	702	2
675	676	-1
675	703	-2
676	677	1
676	704	1
677	678	1
677	705	2
678	679	1
678	706	1
679	680	-2
679	707	-1
680	681	-1
680	708	2
681	682	-1
681	709	1
682	683	-2
682	710	1
683	684	-2
683	711	1
684	685	-1
684	712	2
685	686	-1
685	713	-2
686	687	-1
686	714	-2
687	688	1
687	715	2
688	689	-2
688	716	-1
689	690	-1
689	717	2
690	691	-2
690	718	1
691	692	1
691	719	2
692	693	-2
692	720	1
693	694	1
693	721	-1
694	695	2
694	722	-1
695	696	1
695	723	1
696	697	2
696	724	1
697	698	-1
697	725	1
698	699	-1
698	726	-2
699	727	2
700	701	-2
700	727	-1
700	728	2
701	702	-2
701	729	-2
702	703	-2
702	730	-1
703	704	2
703	731	2
704	705	-2
704	732	-1
705	706	1
705	733	1
706	707	1
706	734	-1
707	708	2
707	735	-2
708	709	2
708	736	-2
709	710	2
709	737	1
710	711	1
710	738	-2
711	712	-2
711	739	1
712	713	-1
712	740	1
713	714	1
713	741	2
714	715	-1
714	742	-1
715	716	-1
715	743	1
716	717	-1
716	744	2
717	718	1
717	745	-1
718	719	1
718	746	-1
719	720	2
719	747	1
720	721	-2
720	748	-2
721	722	-2
721	749	1
722	723	2
722	750	-1
723	724	-2
723	751	1
724	725	-1
724	752	-2
725	726	1
725	753	-2
726	727	-2
726	754	1
727	755	2
728	729	2
728	755	1
728	756	-1
729	730	2
729	757	-1
730	731	-1
730	758	-1
731	732	1
731	759	-1
732	733	-1
732	760	-2
733	734	1
733	761	-2
734	735	2
734	762	-1
735	736	-1
735	763	2
736	737	-1
736	764	-1
737	738	1
737	765	1
738	739	1
738	766	2
739	740	1
739	767	-2
740	741	2
740	768	-1
741	742	2
741	769	-2
742	743	-1
742	770	-1
743	744	2
743	771	1
744	745	1
744	772	2
745	746	-1
745	773	-1
746	747	1
746	774	2
747	748	2
747	775	-1
748	749	2
748	776	2
749	750	-2
749	777	1
750	751	-2
750	778	1
751	752	-1
751	779	-1
752	753	2
752	780	2
753	754	2
753	781	1
754	755	2
754	782	-1
755	783	-1
756	757	-2
756	783	2
757	758	2
758	759	1
759	760	-1
760	761	2
761	762	1
762	763	2
763	764	1
764	765	-1
765	766	1
766	767	2
767	768	2
768	769	-1
769	770	1
770	771	-1
771	772	2
772	773	2
773	774	-1
774	775	2
775	776	-1
776	777	-2
777	778	1
778	779	-2
779	780	2
780	781	-2
781	782	-1
782	783	-2
